   Title: 5 GROUP 1D CORE
K_tolerence 1d-07
flux_tolerence 1d-03
[GEOMETRY]
geometry 1D_Slab
n-regions 17 
reg-length 58.000 21.504 21.504 21.504 21.504 21.504 21.504 21.504 21.504 21.504 21.504 21.504 21.504 21.504 21.504 21.504 58.000
mesh-size 5.8 2.1504 2.1504 2.1504 2.1504 2.1504 2.1504 2.1504 2.1504 2.1504 2.1504 2.1504 2.1504 2.1504 2.1504 2.1504 5.8	
core  
 05 01 02 03 04 04 01 02 03 02 01 04 04 03 02 01 05
boundary 0 0 0 0
[MATERIALS]
n-materials 5
n-groups 5
cross-sections
1 2.79609E+00 3.80796E-03 9.37410E-03 5.14120E-02 6.36890E-02 3.06860E-04 1.36480E-12 2.47100E-13
  1.45003E+00 2.46502E-03 1.00392E-03 0.00000E+00 1.64010E-01 6.34130E-02 5.49810E-06 1.39440E-06
  8.41873E-01 2.54896E-02 1.39285E-02 0.00000E+00 0.00000E+00 3.16020E-01 4.52610E-02 9.25680E-03      
  5.13051E-01 6.05545E-02 9.01600E-02 0.00000E+00 0.00000E+00 3.74130E-03 2.89920E-01 2.97160E-01
  3.03288E-01 1.26476E-01 1.93295E-01 0.00000E+00 0.00000E+00 4.61410E-06 1.21930E-01 8.54990E-01
2 2.81866E+00 3.80712E-03 9.36229E-03 5.17540E-02 6.24980E-02 2.98850E-04 3.78920E-12 5.92500E-13
  1.46121E+00 2.48029E-03 1.00304E-03 0.00000E+00 1.64030E-01 6.17740E-02 5.35330E-06 1.35760E-06
  8.45231E-01 2.64212E-02 1.38821E-02 0.00000E+00 0.00000E+00 3.16410E-01 4.34110E-02 8.88170E-03
  5.16345E-01 6.75493E-02 8.99756E-02 0.00000E+00 0.00000E+00 3.96000E-03 2.92110E-01 2.83620E-01
  3.04523E-01 1.41631E-01 1.96008E-01 0.00000E+00 0.00000E+00 4.52370E-06 1.19990E-01 8.36840E-01
3 2.83959E+00 3.80002E-03 9.32567E-03 5.13620E-02 6.19770E-02 2.95520E-04 3.98370E-12 6.23210E-13 
  1.47366E+00 2.49430E-03 1.00284E-03 0.00000E+00 1.63090E-01 6.06820E-02 5.25810E-06 1.33330E-06
  8.50517E-01 2.72890E-02 1.38454E-02 0.00000E+00 0.00000E+00 3.14180E-01 4.19580E-02 8.59150E-03
  5.19406E-01 7.32674E-02 9.00148E-02 0.00000E+00 0.00000E+00 4.06110E-03 2.90680E-01 2.75350E-01
  3.05991E-01 1.51417E-01 1.97899E-01 0.00000E+00 0.00000E+00 4.46290E-06 1.18510E-01 8.23740E-01
4 2.79158E+00 3.71164E-03 9.12072E-03 5.26130E-02 6.28340E-02 2.99360E-04 1.55770E-12 2.82040E-13
  1.44429E+00 2.28835E-03 5.86610E-04 0.00000E+00 1.66870E-01 6.19700E-02 5.37140E-06 1.36240E-06
  8.52966E-01 2.23435E-02 8.35483E-03 0.00000E+00 0.00000E+00 3.14300E-01 4.52670E-02 9.24100E-03
  5.33935E-01 4.32951E-02 5.45372E-02 0.00000E+00 0.00000E+00 3.18890E-03 2.83070E-01 3.01050E-01
  3.27192E-01 9.16776E-02 1.19817E-01 0.00000E+00 0.00000E+00 4.40550E-06 1.16350E-01 8.37740E-01
5 2.86160E+00 2.92536E-04 0.00000E+00 3.62080E-02 7.94860E-02 4.98280E-04 0.00000E+00 0.00000E+00
  1.47693E+00 2.58416E-05 0.00000E+00 0.00000E+00 1.14520E-01 1.11140E-01 9.66580E-06 2.45800E-06
  7.65603E-01 2.23288E-03 0.00000E+00 0.00000E+00 0.00000E+00 3.22350E-01 9.19830E-02 1.88230E-02
  3.67836E-01 1.71705E-02 0.00000E+00 0.00000E+00 0.00000E+00 1.74270E-03 2.93020E-01 5.94270E-01
  2.22105E-01 3.45681E-02 0.00000E+00 0.00000E+00 0.00000E+00 1.38600E-05 2.14300E-01 1.25190E+00
spectrum 7.45220E-01 2.54551E-01 2.00670E-04 0.00000E+00 0.00000E+00