   Title: TWO GROUP 1D HOMOGENEOUS FUEL
K_tolerence 1d-07
flux_tolerence 1d-03
[GEOMETRY]
geometry 1D_Slab
n-regions 3
reg-length 20 380 20
mesh-size  0.1 0.1 0.1	
core 
   1 2 3
boundary 0 0 
[MATERIALS]
n-materials 3
n-groups 2
cross-sections
1 1.1251378 0.0008984 0.0000000 0.0000000 0.0255220
  0.7501763 0.0255600 0.0000000 0.0001231 0.0000000
2 1.0933622 0.0092144 0.0065697 0.0000000 0.0181930
  0.3266693 0.0778104 0.1312600 0.0013089 0.0000000
3 1.1245305 0.0008996 0.0000000 0.0000000 0.0255380
  0.7503114 0.0255590 0.0000000 0.0001245 0.0000000 
spectrum 1.0 0.0