   Title: 5 GROUP 2D CORE
K_tolerence 1d-07
flux_tolerence 1d-03
[GEOMETRY]
geometry 2D_Slab
n-regions 17 17
reg-length 58.000 21.504 21.504 21.504 21.504 21.504 21.504 21.504 21.504 21.504 21.504 21.504 21.504 21.504 21.504 21.504 58.000
           58.000 21.504 21.504 21.504 21.504 21.504 21.504 21.504 21.504 21.504 21.504 21.504 21.504 21.504 21.504 21.504 58.000
mesh-size 5.8 2.1504 2.1504 2.1504 2.1504 2.1504 2.1504 2.1504 2.1504 2.1504 2.1504 2.1504 2.1504 2.1504 2.1504 2.1504 5.8
          5.8 2.1504 2.1504 2.1504 2.1504 2.1504 2.1504 2.1504 2.1504 2.1504 2.1504 2.1504 2.1504 2.1504 2.1504 2.1504 5.8	
core 
 17 17 17 17 17 17 16 16 16 16 16 17 17 17 17 17 17 
 17 17 17 17 16 16 01 01 02 01 01 16 16 17 17 17 17 
 17 17 16 16 01 03 12 13 06 13 12 03 01 16 16 17 17 
 17 16 16 01 03 05 13 07 14 07 13 05 03 01 16 16 17 
 16 16 01 03 08 13 10 13 09 13 10 13 08 03 01 16 16 
 17 16 16 03 05 13 11 13 04 13 04 13 11 13 05 03 16 
 16 01 12 13 10 13 06 13 08 13 06 13 10 13 12 01 16 
 16 01 13 07 13 04 13 11 15 11 13 04 13 07 13 01 16  
 16 02 06 14 09 13 08 15 05 15 08 13 09 14 06 02 16 
 16 01 13 07 13 04 13 11 15 11 13 04 13 07 13 01 16
 16 01 12 13 10 13 06 13 08 13 06 13 10 13 12 01 16 
 16 16 03 05 13 11 13 04 13 04 13 11 13 05 03 16 16
 16 16 01 03 08 13 10 13 09 13 10 13 08 03 01 16 16
 17 16 16 01 03 05 13 07 14 07 13 05 03 01 16 16 16 
 17 17 16 16 01 03 12 13 06 13 12 03 01 16 16 17 17
 17 17 17 16 16 16 01 01 02 01 01 16 16 16 17 17 17 
 17 17 17 17 17 16 16 16 16 16 16 16 16 17 17 17 17
boundary 0 0 0 0
[MATERIALS]
n-materials 17
n-groups 5
cross-sections
1 2.79609E+00 3.80796E-03 9.37410E-03 5.14120E-02 6.36890E-02 3.06860E-04 1.36480E-12 2.47100E-13
  1.45003E+00 2.46502E-03 1.00392E-03 0.00000E+00 1.64010E-01 6.34130E-02 5.49810E-06 1.39440E-06
  8.41873E-01 2.54896E-02 1.39285E-02 0.00000E+00 0.00000E+00 3.16020E-01 4.52610E-02 9.25680E-03      
  5.13051E-01 6.05545E-02 9.01600E-02 0.00000E+00 0.00000E+00 3.74130E-03 2.89920E-01 2.97160E-01
  3.03288E-01 1.26476E-01 1.93295E-01 0.00000E+00 0.00000E+00 4.61410E-06 1.21930E-01 8.54990E-01
2 2.81866E+00 3.80712E-03 9.36229E-03 5.17540E-02 6.24980E-02 2.98850E-04 3.78920E-12 5.92500E-13
  1.46121E+00 2.48029E-03 1.00304E-03 0.00000E+00 1.64030E-01 6.17740E-02 5.35330E-06 1.35760E-06
  8.45231E-01 2.64212E-02 1.38821E-02 0.00000E+00 0.00000E+00 3.16410E-01 4.34110E-02 8.88170E-03
  5.16345E-01 6.75493E-02 8.99756E-02 0.00000E+00 0.00000E+00 3.96000E-03 2.92110E-01 2.83620E-01
  3.04523E-01 1.41631E-01 1.96008E-01 0.00000E+00 0.00000E+00 4.52370E-06 1.19990E-01 8.36840E-01
3 2.83959E+00 3.80002E-03 9.32567E-03 5.13620E-02 6.19770E-02 2.95520E-04 3.98370E-12 6.23210E-13 
  1.47366E+00 2.49430E-03 1.00284E-03 0.00000E+00 1.63090E-01 6.06820E-02 5.25810E-06 1.33330E-06
  8.50517E-01 2.72890E-02 1.38454E-02 0.00000E+00 0.00000E+00 3.14180E-01 4.19580E-02 8.59150E-03
  5.19406E-01 7.32674E-02 9.00148E-02 0.00000E+00 0.00000E+00 4.06110E-03 2.90680E-01 2.75350E-01
  3.05991E-01 1.51417E-01 1.97899E-01 0.00000E+00 0.00000E+00 4.46290E-06 1.18510E-01 8.23740E-01
4 2.79158E+00 3.71164E-03 9.12072E-03 5.26130E-02 6.28340E-02 2.99360E-04 1.55770E-12 2.82040E-13
  1.44429E+00 2.28835E-03 5.86610E-04 0.00000E+00 1.66870E-01 6.19700E-02 5.37140E-06 1.36240E-06
  8.52966E-01 2.23435E-02 8.35483E-03 0.00000E+00 0.00000E+00 3.14300E-01 4.52670E-02 9.24100E-03
  5.33935E-01 4.32951E-02 5.45372E-02 0.00000E+00 0.00000E+00 3.18890E-03 2.83070E-01 3.01050E-01
  3.27192E-01 9.16776E-02 1.19817E-01 0.00000E+00 0.00000E+00 4.40550E-06 1.16350E-01 8.37740E-01
5 2.73700E+00 3.80667E-03 9.02705E-03 5.44890E-02 6.33050E-02 2.94240E-04 1.34140E-06 9.76250E-08
  1.42569E+00 3.06136E-03 5.85459E-04 0.00000E+00 1.71730E-01 5.92120E-02 5.12830E-06 1.29940E-06
  8.22977E-01 3.46687E-02 8.15854E-03 0.00000E+00 0.00000E+00 3.26280E-01 3.75990E-02 7.74450E-03
  5.11893E-01 7.59893E-02 5.62420E-02 0.00000E+00 0.00000E+00 3.99430E-03 2.93280E-01 2.83710E-01
  3.09236E-01 1.27503E-01 1.27777E-01 0.00000E+00 0.00000E+00 4.46680E-06 1.18200E-01 8.40310E-01
6 2.73700E+00 3.80667E-03 9.02705E-03 5.44890E-02 6.33050E-02 2.94240E-04 1.34140E-06 9.76250E-08
  1.42569E+00 3.06136E-03 5.85459E-04 0.00000E+00 1.71730E-01 5.92120E-02 5.12830E-06 1.29940E-06
  8.22977E-01 3.46687E-02 8.15854E-03 0.00000E+00 0.00000E+00 3.26280E-01 3.75990E-02 7.74450E-03
  5.11893E-01 7.59893E-02 5.62420E-02 0.00000E+00 0.00000E+00 3.99430E-03 2.93280E-01 2.83710E-01
  3.09236E-01 1.27503E-01 1.27777E-01 0.00000E+00 0.00000E+00 4.46680E-06 1.18200E-01 8.40310E-01
7 2.73700E+00 3.80667E-03 9.02705E-03 5.44890E-02 6.33050E-02 2.94240E-04 1.34140E-06 9.76250E-08
  1.42569E+00 3.06136E-03 5.85459E-04 0.00000E+00 1.71730E-01 5.92120E-02 5.12830E-06 1.29940E-06
  8.22977E-01 3.46687E-02 8.15854E-03 0.00000E+00 0.00000E+00 3.26280E-01 3.75990E-02 7.74450E-03
  5.11893E-01 7.59893E-02 5.62420E-02 0.00000E+00 0.00000E+00 3.99430E-03 2.93280E-01 2.83710E-01
  3.09236E-01 1.27503E-01 1.27777E-01 0.00000E+00 0.00000E+00 4.46680E-06 1.18200E-01 8.40310E-01
8 2.73700E+00 3.80667E-03 9.02705E-03 5.44890E-02 6.33050E-02 2.94240E-04 1.34140E-06 9.76250E-08
  1.42569E+00 3.06136E-03 5.85459E-04 0.00000E+00 1.71730E-01 5.92120E-02 5.12830E-06 1.29940E-06
  8.22977E-01 3.46687E-02 8.15854E-03 0.00000E+00 0.00000E+00 3.26280E-01 3.75990E-02 7.74450E-03
  5.11893E-01 7.59893E-02 5.62420E-02 0.00000E+00 0.00000E+00 3.99430E-03 2.93280E-01 2.83710E-01
  3.09236E-01 1.27503E-01 1.27777E-01 0.00000E+00 0.00000E+00 4.46680E-06 1.18200E-01 8.40310E-01
9 2.73463E+00 3.76968E-03 9.02035E-03 5.51540E-02 6.27960E-02 2.93480E-04 6.50860E-07 4.73720E-08
  1.42331E+00 2.67655E-03 5.85713E-04 0.00000E+00 1.72370E-01 5.93790E-02 5.13670E-06 1.30190E-06 
  8.17875E-01 3.03274E-02 8.18947E-03 0.00000E+00 0.00000E+00 3.32170E-01 3.89640E-02 7.99920E-03
  5.23207E-01 6.94988E-02 5.46340E-02 0.00000E+00 0.00000E+00 4.09960E-03 2.95640E-01 2.75010E-01
  3.15690E-01 1.21403E-01 1.24429E-01 0.00000E+00 0.00000E+00 4.37120E-06 1.15870E-01 8.27280E-01
10 2.73463E+00 3.76968E-03 9.02035E-03 5.51540E-02 6.27960E-02 2.93480E-04 6.50860E-07 4.73720E-08
   1.42331E+00 2.67655E-03 5.85713E-04 0.00000E+00 1.72370E-01 5.93790E-02 5.13670E-06 1.30190E-06
   8.17875E-01 3.03274E-02 8.18947E-03 0.00000E+00 0.00000E+00 3.32170E-01 3.89640E-02 7.99920E-03
   5.23207E-01 6.94988E-02 5.46340E-02 0.00000E+00 0.00000E+00 4.09960E-03 2.95640E-01 2.75010E-01
   3.15690E-01 1.21403E-01 1.24429E-01 0.00000E+00 0.00000E+00 4.37120E-06 1.15870E-01 8.27280E-01
11 2.73700E+00 3.80667E-03 9.02705E-03 5.44890E-02 6.33050E-02 2.94240E-04 1.34140E-06 9.76250E-08
   1.42569E+00 3.06136E-03 5.85459E-04 0.00000E+00 1.71730E-01 5.92120E-02 5.12830E-06 1.29940E-06
   8.22977E-01 3.46687E-02 8.15854E-03 0.00000E+00 0.00000E+00 3.26280E-01 3.75990E-02 7.74450E-03
   5.11893E-01 7.59893E-02 5.62420E-02 0.00000E+00 0.00000E+00 3.99430E-03 2.93280E-01 2.83710E-01
   3.09236E-01 1.27503E-01 1.27777E-01 0.00000E+00 0.00000E+00 4.46680E-06 1.18200E-01 8.40310E-01
12 2.73985E+00 3.85030E-03 9.14955E-03 5.45250E-02 6.31000E-02 2.93140E-04 1.33980E-06 9.75610E-08
   1.42590E+00 3.14746E-03 7.77489E-04 0.00000E+00 1.71660E-01 5.91610E-02 5.12390E-06 1.29820E-06
   8.21835E-01 3.59996E-02 1.06633E-00 0.00000E+00 0.00000E+00 3.26270E-01 3.69230E-02 7.61010E-03
   5.12553E-01 8.34095E-02 7.24098E-02 0.00000E+00 0.00000E+00 4.16870E-03 2.93030E-01 2.74780E-01
   3.08101E-01 1.43034E-01 1.62490E-01 0.00000E+00 0.00000E+00 4.43460E-06 1.17580E-01 8.28080E-01
13 2.83865E+00 3.75102E-03 9.19432E-03 5.13720E-02 6.20550E-02 2.95800E-04 3.96930E-12 6.21050E-13
   1.47353E+00 2.39334E-03 7.78756E-04 0.00000E+00 1.63170E-01 6.07270E-02 5.26190E-06 1.33440E-06
   8.54335E-01 2.55756E-02 1.09152E-02 0.00000E+00 0.00000E+00 3.13380E-01 4.26070E-02 8.71790E-03
   5.24967E-01 6.41673E-02 7.11943E-02 0.00000E+00 0.00000E+00 3.82920E-03 2.88430E-01 2.80330E-01
   3.11382E-01 1.32641E-01 1.58591E-01 0.00000E+00 0.00000E+00 4.42620E-06 1.17390E-01 8.25180E-01
14 2.82938E+00 3.75574E-03 9.22106E-03 5.14760E-02 6.23210E-02 2.97660E-04 3.34920E-12 5.32550E-13
   1.46754E+00 2.38580E-03 7.78966E-04 0.00000E+00 1.63430E-01 6.13900E-02 5.32020E-06 1.34920E-06
   8.52193E-01 2.51278E-02 1.09282E-02 0.00000E+00 0.00000E+00 3.13830E-01 4.34230E-02 8.88210E-03
   5.24025E-01 6.10963E-02 7.10533E-02 0.00000E+00 0.00000E+00 3.77080E-03 2.88450E-01 2.84600E-01
   3.11336E-01 1.27204E-01 1.57344E-01 0.00000E+00 0.00000E+00 4.45320E-06 1.18020E-01 8.30150E-01
15 2.85332E+00 3.75587E-03 9.21328E-03 5.15220E-02 6.13390E-02 2.91220E-04 4.82400E-12 7.44630E-13
   1.47980E+00 2.40098E-03 7.78671E-04 0.00000E+00 1.62970E-01 6.00320E-02 5.20080E-06 1.31890E-06
   8.56522E-01 2.59687E-02 1.08901E-02 0.00000E+00 0.00000E+00 3.12950E-01 4.18360E-02 8.56160E-03
   5.26207E-01 6.63011E-02 7.09063E-02 0.00000E+00 0.00000E+00 3.88350E-03 2.89060E-01 2.75980E-01
   3.12369E-01 1.34943E-01 1.57975E-01 0.00000E+00 0.00000E+00 4.38840E-06 1.16540E-01 8.20220E-01
16 2.86160E+00 2.92536E-04 0.00000E+00 3.62080E-02 7.94860E-02 4.98280E-04 0.00000E+00 0.00000E+00
   1.47693E+00 2.58416E-05 0.00000E+00 0.00000E+00 1.14520E-01 1.11140E-01 9.66580E-06 2.45800E-06
   7.65603E-01 2.23288E-03 0.00000E+00 0.00000E+00 0.00000E+00 3.22350E-01 9.19830E-02 1.88230E-02
   3.67836E-01 1.71705E-02 0.00000E+00 0.00000E+00 0.00000E+00 1.74270E-03 2.93020E-01 5.94270E-01
   2.22105E-01 3.45681E-02 0.00000E+00 0.00000E+00 0.00000E+00 1.38600E-05 2.14300E-01 1.25190E+00
17 2.86160E+00 2.92536E-04 0.00000E+00 3.62080E-02 7.94860E-02 4.98280E-04 0.00000E+00 0.00000E+00
   1.47693E+00 2.58416E-05 0.00000E+00 0.00000E+00 1.14520E-01 1.11140E-01 9.66580E-06 2.45800E-06
   7.65603E-01 2.23288E-03 0.00000E+00 0.00000E+00 0.00000E+00 3.22350E-01 9.19830E-02 1.88230E-02
   3.67836E-01 1.71705E-02 0.00000E+00 0.00000E+00 0.00000E+00 1.74270E-03 2.93020E-01 5.94270E-01
   2.22105E-01 3.45681E-02 0.00000E+00 0.00000E+00 0.00000E+00 1.38600E-05 2.14300E-01 1.25190E+00
spectrum 7.45220E-01 2.54551E-01 2.00670E-04 0.00000E+00 0.00000E+00