   Title: 5 GROUP 2D CHUSBUPP
K_tolerence 1d-07
flux_tolerence 1d-03
[GEOMETRY]
geometry 2D_Slab
n-regions 15 15
reg-length 58.03 20.03 20.03 20.03 20.03 20.03 20.03 20.03 20.03 20.03 20.03 20.03 20.03 20.03 58.03
           58.03 20.03 20.03 20.03 20.03 20.03 20.03 20.03 20.03 20.03 20.03 20.03 20.03 20.03 58.03
mesh-size 5.803 2.003 2.003 2.003 2.003 2.003 2.003 2.003 2.003 2.003 2.003 2.003 2.003 2.003 5.803
          5.803 2.003 2.003 2.003 2.003 2.003 2.003 2.003 2.003 2.003 2.003 2.003 2.003 2.003 5.803
core 
122 122 122 122 122 122 122 122 122 122 122 122 122 122 122
122 122 122 122 122 122   1   2   3 122 122 122 122 122 122                                   
122 122 122 122   4   5   6   7   8   9  10 122 122 122 122                                   
122 122 122  11  12  13  14  15  16  17  18  19 122 122 122                                   
122 122  20  21  22  23  24  25  26  27  28  29  30 122 122                                   
122 122  31  32  33  34  35  36  37  38  39  40  41 122 122                                   
122  42  43  44  45  46  47  48  49  50  51  52  53  54 122                                   
122  55  56  57  58  59  60  61  62  63  64  65  66  67 122                                   
122  68  69  70  71  72  73  74  75  76  77  78  79  80 122                                   
122 122  81  82  83  84  85  86  87  88  89  90  91 122 122                                   
122 122  92  93  94  95  96  97  98  99 100 101 102 122 122                                   
122 122 122 103 104 105 106 107 108 109 110 111 122 122 122                                   
122 122 122 122 112 113 114 115 116 117 118 122 122 122 122                                   
122 122 122 122 122 122 119 120 121 122 122 122 122 122 122
122 122 122 122 122 122 122 122 122 122 122 122 122 122 122
buckling 1.174E-04
boundary 0 0 0 0  
[MATERIALS]
n-materials 122
n-groups   5
cross-sections
  1 2.17341E+00 3.65285E-03 8.10400E-03 6.96220E-02 7.96970E-02 3.97200E-04 0.00000E+00 0.00000E+00
    8.54980E-01 2.28205E-03 8.76172E-04 0.00000E+00 3.01990E-01 8.55880E-02 6.86870E-06 1.40680E-06
    5.86339E-01 2.13240E-02 1.13138E-02 0.00000E+00 0.00000E+00 4.68080E-01 6.61240E-02 1.29760E-02
    3.87211E-01 4.46985E-02 6.84826E-02 0.00000E+00 0.00000E+00 2.25820E-03 3.90820E-01 4.23080E-01
    2.11210E-01 1.14239E-01 1.81641E-01 0.00000E+00 0.00000E+00 0.00000E+00 3.70080E-02 1.42700E+00
  2 2.17341E+00 3.65285E-03 8.10400E-03 6.96220E-02 7.96970E-02 3.97200E-04 0.00000E+00 0.00000E+00
    8.54980E-01 2.28205E-03 8.76172E-04 0.00000E+00 3.01990E-01 8.55880E-02 6.86870E-06 1.40680E-06
    5.86339E-01 2.13240E-02 1.13138E-02 0.00000E+00 0.00000E+00 4.68080E-01 6.61240E-02 1.29760E-02
    3.87211E-01 4.46985E-02 6.84826E-02 0.00000E+00 0.00000E+00 2.25820E-03 3.90820E-01 4.23080E-01
    2.11210E-01 1.14239E-01 1.81641E-01 0.00000E+00 0.00000E+00 0.00000E+00 3.70080E-02 1.42700E+00
  3 2.17341E+00 3.65285E-03 8.10400E-03 6.96220E-02 7.96970E-02 3.97200E-04 0.00000E+00 0.00000E+00
    8.54980E-01 2.28205E-03 8.76172E-04 0.00000E+00 3.01990E-01 8.55880E-02 6.86870E-06 1.40680E-06
    5.86339E-01 2.13240E-02 1.13138E-02 0.00000E+00 0.00000E+00 4.68080E-01 6.61240E-02 1.29760E-02
    3.87211E-01 4.46985E-02 6.84826E-02 0.00000E+00 0.00000E+00 2.25820E-03 3.90820E-01 4.23080E-01
    2.11210E-01 1.14239E-01 1.81641E-01 0.00000E+00 0.00000E+00 0.00000E+00 3.70080E-02 1.42700E+00
  4 2.17341E+00 3.65285E-03 8.10400E-03 6.96220E-02 7.96970E-02 3.97200E-04 0.00000E+00 0.00000E+00
    8.54980E-01 2.28205E-03 8.76172E-04 0.00000E+00 3.01990E-01 8.55880E-02 6.86870E-06 1.40680E-06
    5.86339E-01 2.13240E-02 1.13138E-02 0.00000E+00 0.00000E+00 4.68080E-01 6.61240E-02 1.29760E-02
    3.87211E-01 4.46985E-02 6.84826E-02 0.00000E+00 0.00000E+00 2.25820E-03 3.90820E-01 4.23080E-01
    2.11210E-01 1.14239E-01 1.81641E-01 0.00000E+00 0.00000E+00 0.00000E+00 3.70080E-02 1.42700E+00
  5 2.17341E+00 3.65285E-03 8.10400E-03 6.96220E-02 7.96970E-02 3.97200E-04 0.00000E+00 0.00000E+00
    8.54980E-01 2.28205E-03 8.76172E-04 0.00000E+00 3.01990E-01 8.55880E-02 6.86870E-06 1.40680E-06
    5.86339E-01 2.13240E-02 1.13138E-02 0.00000E+00 0.00000E+00 4.68080E-01 6.61240E-02 1.29760E-02
    3.87211E-01 4.46985E-02 6.84826E-02 0.00000E+00 0.00000E+00 2.25820E-03 3.90820E-01 4.23080E-01
    2.11210E-01 1.14239E-01 1.81641E-01 0.00000E+00 0.00000E+00 0.00000E+00 3.70080E-02 1.42700E+00
  6 2.17330E+00 3.63292E-03 8.05027E-03 6.96370E-02 7.97100E-02 3.97230E-04 0.00000E+00 0.00000E+00
    8.54979E-01 2.23870E-03 7.79863E-04 0.00000E+00 3.02020E-01 8.56010E-02 6.86990E-06 1.40710E-06
    5.87079E-01 2.06237E-02 1.01274E-02 0.00000E+00 0.00000E+00 4.67740E-01 6.63960E-02 1.30270E-02
    3.88577E-01 4.12325E-02 6.13775E-02 0.00000E+00 0.00000E+00 2.22250E-03 3.88600E-01 4.25780E-01
    2.12427E-01 1.06203E-01 1.64489E-01 0.00000E+00 0.00000E+00 0.00000E+00 3.64150E-02 1.42650E+00
  7 2.17330E+00 3.63292E-03 8.05027E-03 6.96370E-02 7.97100E-02 3.97230E-04 0.00000E+00 0.00000E+00
    8.54979E-01 2.23870E-03 7.79863E-04 0.00000E+00 3.02020E-01 8.56010E-02 6.86990E-06 1.40710E-06
    5.87079E-01 2.06237E-02 1.01274E-02 0.00000E+00 0.00000E+00 4.67740E-01 6.63960E-02 1.30270E-02
    3.88577E-01 4.12325E-02 6.13775E-02 0.00000E+00 0.00000E+00 2.22250E-03 3.88600E-01 4.25780E-01
    2.12427E-01 1.06203E-01 1.64489E-01 0.00000E+00 0.00000E+00 0.00000E+00 3.64150E-02 1.42650E+00
  8 2.17330E+00 3.63292E-03 8.05027E-03 6.96370E-02 7.97100E-02 3.97230E-04 0.00000E+00 0.00000E+00
    8.54979E-01 2.23870E-03 7.79863E-04 0.00000E+00 3.02020E-01 8.56010E-02 6.86990E-06 1.40710E-06
    5.87079E-01 2.06237E-02 1.01274E-02 0.00000E+00 0.00000E+00 4.67740E-01 6.63960E-02 1.30270E-02
    3.88577E-01 4.12325E-02 6.13775E-02 0.00000E+00 0.00000E+00 2.22250E-03 3.88600E-01 4.25780E-01
    2.12427E-01 1.06203E-01 1.64489E-01 0.00000E+00 0.00000E+00 0.00000E+00 3.64150E-02 1.42650E+00
  9 2.17341E+00 3.65285E-03 8.10400E-03 6.96220E-02 7.96970E-02 3.97200E-04 0.00000E+00 0.00000E+00
    8.54980E-01 2.28205E-03 8.76172E-04 0.00000E+00 3.01990E-01 8.55880E-02 6.86870E-06 1.40680E-06
    5.86339E-01 2.13240E-02 1.13138E-02 0.00000E+00 0.00000E+00 4.68080E-01 6.61240E-02 1.29760E-02
    3.87211E-01 4.46985E-02 6.84826E-02 0.00000E+00 0.00000E+00 2.25820E-03 3.90820E-01 4.23080E-01
    2.11210E-01 1.14239E-01 1.81641E-01 0.00000E+00 0.00000E+00 0.00000E+00 3.70080E-02 1.42700E+00
 10 2.17341E+00 3.65285E-03 8.10400E-03 6.96220E-02 7.96970E-02 3.97200E-04 0.00000E+00 0.00000E+00
    8.54980E-01 2.28205E-03 8.76172E-04 0.00000E+00 3.01990E-01 8.55880E-02 6.86870E-06 1.40680E-06
    5.86339E-01 2.13240E-02 1.13138E-02 0.00000E+00 0.00000E+00 4.68080E-01 6.61240E-02 1.29760E-02
    3.87211E-01 4.46985E-02 6.84826E-02 0.00000E+00 0.00000E+00 2.25820E-03 3.90820E-01 4.23080E-01
    2.11210E-01 1.14239E-01 1.81641E-01 0.00000E+00 0.00000E+00 0.00000E+00 3.70080E-02 1.42700E+00
 11 2.17341E+00 3.65285E-03 8.10400E-03 6.96220E-02 7.96970E-02 3.97200E-04 0.00000E+00 0.00000E+00
    8.54980E-01 2.28205E-03 8.76172E-04 0.00000E+00 3.01990E-01 8.55880E-02 6.86870E-06 1.40680E-06
    5.86339E-01 2.13240E-02 1.13138E-02 0.00000E+00 0.00000E+00 4.68080E-01 6.61240E-02 1.29760E-02
    3.87211E-01 4.46985E-02 6.84826E-02 0.00000E+00 0.00000E+00 2.25820E-03 3.90820E-01 4.23080E-01
    2.11210E-01 1.14239E-01 1.81641E-01 0.00000E+00 0.00000E+00 0.00000E+00 3.70080E-02 1.42700E+00
 12 2.17341E+00 3.65285E-03 8.10400E-03 6.96220E-02 7.96970E-02 3.97200E-04 0.00000E+00 0.00000E+00
    8.54980E-01 2.28205E-03 8.76172E-04 0.00000E+00 3.01990E-01 8.55880E-02 6.86870E-06 1.40680E-06
    5.86339E-01 2.13240E-02 1.13138E-02 0.00000E+00 0.00000E+00 4.68080E-01 6.61240E-02 1.29760E-02
    3.87211E-01 4.46985E-02 6.84826E-02 0.00000E+00 0.00000E+00 2.25820E-03 3.90820E-01 4.23080E-01
    2.11210E-01 1.14239E-01 1.81641E-01 0.00000E+00 0.00000E+00 0.00000E+00 3.70080E-02 1.42700E+00
 13 2.17321E+00 3.61661E-03 8.00631E-03 6.96490E-02 7.97210E-02 3.97260E-04 0.00000E+00 0.00000E+00
    8.54978E-01 2.20323E-03 7.01051E-04 0.00000E+00 3.02050E-01 8.56130E-02 6.87090E-06 1.40730E-06
    5.87693E-01 2.00461E-02 9.14985E-03 0.00000E+00 0.00000E+00 4.67450E-01 6.66210E-02 1.30690E-02
    3.89656E-01 3.83689E-02 5.55026E-02 0.00000E+00 0.00000E+00 2.19050E-03 3.86570E-01 4.28320E-01
    2.13444E-01 9.94369E-02 1.50039E-01 0.00000E+00 0.00000E+00 0.00000E+00 3.59060E-02 1.42630E+00
 14 2.17330E+00 3.63292E-03 8.05027E-03 6.96370E-02 7.97100E-02 3.97230E-04 0.00000E+00 0.00000E+00
    8.54979E-01 2.23870E-03 7.79863E-04 0.00000E+00 3.02020E-01 8.56010E-02 6.86990E-06 1.40710E-06
    5.87079E-01 2.06237E-02 1.01274E-02 0.00000E+00 0.00000E+00 4.67740E-01 6.63960E-02 1.30270E-02
    3.88577E-01 4.12325E-02 6.13775E-02 0.00000E+00 0.00000E+00 2.22250E-03 3.88600E-01 4.25780E-01
    2.12427E-01 1.06203E-01 1.64489E-01 0.00000E+00 0.00000E+00 0.00000E+00 3.64150E-02 1.42650E+00
 15 2.17321E+00 3.61661E-03 8.00631E-03 6.96490E-02 7.97210E-02 3.97260E-04 0.00000E+00 0.00000E+00
    8.54978E-01 2.20323E-03 7.01051E-04 0.00000E+00 3.02050E-01 8.56130E-02 6.87090E-06 1.40730E-06
    5.87693E-01 2.00461E-02 9.14985E-03 0.00000E+00 0.00000E+00 4.67450E-01 6.66210E-02 1.30690E-02
    3.89656E-01 3.83689E-02 5.55026E-02 0.00000E+00 0.00000E+00 2.19050E-03 3.86570E-01 4.28320E-01
    2.13444E-01 9.94369E-02 1.50039E-01 0.00000E+00 0.00000E+00 0.00000E+00 3.59060E-02 1.42630E+00
 16 2.17330E+00 3.63292E-03 8.05027E-03 6.96370E-02 7.97100E-02 3.97230E-04 0.00000E+00 0.00000E+00
    8.54979E-01 2.23870E-03 7.79863E-04 0.00000E+00 3.02020E-01 8.56010E-02 6.86990E-06 1.40710E-06
    5.87079E-01 2.06237E-02 1.01274E-02 0.00000E+00 0.00000E+00 4.67740E-01 6.63960E-02 1.30270E-02
    3.88577E-01 4.12325E-02 6.13775E-02 0.00000E+00 0.00000E+00 2.22250E-03 3.88600E-01 4.25780E-01
    2.12427E-01 1.06203E-01 1.64489E-01 0.00000E+00 0.00000E+00 0.00000E+00 3.64150E-02 1.42650E+00
 17 2.17321E+00 3.61661E-03 8.00631E-03 6.96490E-02 7.97210E-02 3.97260E-04 0.00000E+00 0.00000E+00
    8.54978E-01 2.20323E-03 7.01051E-04 0.00000E+00 3.02050E-01 8.56130E-02 6.87090E-06 1.40730E-06
    5.87693E-01 2.00461E-02 9.14985E-03 0.00000E+00 0.00000E+00 4.67450E-01 6.66210E-02 1.30690E-02
    3.89656E-01 3.83689E-02 5.55026E-02 0.00000E+00 0.00000E+00 2.19050E-03 3.86570E-01 4.28320E-01
    2.13444E-01 9.94369E-02 1.50039E-01 0.00000E+00 0.00000E+00 0.00000E+00 3.59060E-02 1.42630E+00
 18 2.17341E+00 3.65285E-03 8.10400E-03 6.96220E-02 7.96970E-02 3.97200E-04 0.00000E+00 0.00000E+00
    8.54980E-01 2.28205E-03 8.76172E-04 0.00000E+00 3.01990E-01 8.55880E-02 6.86870E-06 1.40680E-06
    5.86339E-01 2.13240E-02 1.13138E-02 0.00000E+00 0.00000E+00 4.68080E-01 6.61240E-02 1.29760E-02
    3.87211E-01 4.46985E-02 6.84826E-02 0.00000E+00 0.00000E+00 2.25820E-03 3.90820E-01 4.23080E-01
    2.11210E-01 1.14239E-01 1.81641E-01 0.00000E+00 0.00000E+00 0.00000E+00 3.70080E-02 1.42700E+00
 19 2.17341E+00 3.65285E-03 8.10400E-03 6.96220E-02 7.96970E-02 3.97200E-04 0.00000E+00 0.00000E+00
    8.54980E-01 2.28205E-03 8.76172E-04 0.00000E+00 3.01990E-01 8.55880E-02 6.86870E-06 1.40680E-06
    5.86339E-01 2.13240E-02 1.13138E-02 0.00000E+00 0.00000E+00 4.68080E-01 6.61240E-02 1.29760E-02
    3.87211E-01 4.46985E-02 6.84826E-02 0.00000E+00 0.00000E+00 2.25820E-03 3.90820E-01 4.23080E-01
    2.11210E-01 1.14239E-01 1.81641E-01 0.00000E+00 0.00000E+00 0.00000E+00 3.70080E-02 1.42700E+00
 20 2.17341E+00 3.65285E-03 8.10400E-03 6.96220E-02 7.96970E-02 3.97200E-04 0.00000E+00 0.00000E+00
    8.54980E-01 2.28205E-03 8.76172E-04 0.00000E+00 3.01990E-01 8.55880E-02 6.86870E-06 1.40680E-06
    5.86339E-01 2.13240E-02 1.13138E-02 0.00000E+00 0.00000E+00 4.68080E-01 6.61240E-02 1.29760E-02
    3.87211E-01 4.46985E-02 6.84826E-02 0.00000E+00 0.00000E+00 2.25820E-03 3.90820E-01 4.23080E-01
    2.11210E-01 1.14239E-01 1.81641E-01 0.00000E+00 0.00000E+00 0.00000E+00 3.70080E-02 1.42700E+00
 21 2.17341E+00 3.65285E-03 8.10400E-03 6.96220E-02 7.96970E-02 3.97200E-04 0.00000E+00 0.00000E+00
    8.54980E-01 2.28205E-03 8.76172E-04 0.00000E+00 3.01990E-01 8.55880E-02 6.86870E-06 1.40680E-06
    5.86339E-01 2.13240E-02 1.13138E-02 0.00000E+00 0.00000E+00 4.68080E-01 6.61240E-02 1.29760E-02
    3.87211E-01 4.46985E-02 6.84826E-02 0.00000E+00 0.00000E+00 2.25820E-03 3.90820E-01 4.23080E-01
    2.11210E-01 1.14239E-01 1.81641E-01 0.00000E+00 0.00000E+00 0.00000E+00 3.70080E-02 1.42700E+00
 22 2.17321E+00 3.61661E-03 8.00631E-03 6.96490E-02 7.97210E-02 3.97260E-04 0.00000E+00 0.00000E+00
    8.54978E-01 2.20323E-03 7.01051E-04 0.00000E+00 3.02050E-01 8.56130E-02 6.87090E-06 1.40730E-06
    5.87693E-01 2.00461E-02 9.14985E-03 0.00000E+00 0.00000E+00 4.67450E-01 6.66210E-02 1.30690E-02
    3.89656E-01 3.83689E-02 5.55026E-02 0.00000E+00 0.00000E+00 2.19050E-03 3.86570E-01 4.28320E-01
    2.13444E-01 9.94369E-02 1.50039E-01 0.00000E+00 0.00000E+00 0.00000E+00 3.59060E-02 1.42630E+00
 23 2.17330E+00 3.63292E-03 8.05027E-03 6.96370E-02 7.97100E-02 3.97230E-04 0.00000E+00 0.00000E+00
    8.54979E-01 2.23870E-03 7.79863E-04 0.00000E+00 3.02020E-01 8.56010E-02 6.86990E-06 1.40710E-06
    5.87079E-01 2.06237E-02 1.01274E-02 0.00000E+00 0.00000E+00 4.67740E-01 6.63960E-02 1.30270E-02
    3.88577E-01 4.12325E-02 6.13775E-02 0.00000E+00 0.00000E+00 2.22250E-03 3.88600E-01 4.25780E-01
    2.12427E-01 1.06203E-01 1.64489E-01 0.00000E+00 0.00000E+00 0.00000E+00 3.64150E-02 1.42650E+00
 24 2.17321E+00 3.61661E-03 8.00631E-03 6.96490E-02 7.97210E-02 3.97260E-04 0.00000E+00 0.00000E+00
    8.54978E-01 2.20323E-03 7.01051E-04 0.00000E+00 3.02050E-01 8.56130E-02 6.87090E-06 1.40730E-06
    5.87693E-01 2.00461E-02 9.14985E-03 0.00000E+00 0.00000E+00 4.67450E-01 6.66210E-02 1.30690E-02
    3.89656E-01 3.83689E-02 5.55026E-02 0.00000E+00 0.00000E+00 2.19050E-03 3.86570E-01 4.28320E-01
    2.13444E-01 9.94369E-02 1.50039E-01 0.00000E+00 0.00000E+00 0.00000E+00 3.59060E-02 1.42630E+00
 25 2.17330E+00 3.63292E-03 8.05027E-03 6.96370E-02 7.97100E-02 3.97230E-04 0.00000E+00 0.00000E+00
    8.54979E-01 2.23870E-03 7.79863E-04 0.00000E+00 3.02020E-01 8.56010E-02 6.86990E-06 1.40710E-06
    5.87079E-01 2.06237E-02 1.01274E-02 0.00000E+00 0.00000E+00 4.67740E-01 6.63960E-02 1.30270E-02
    3.88577E-01 4.12325E-02 6.13775E-02 0.00000E+00 0.00000E+00 2.22250E-03 3.88600E-01 4.25780E-01
    2.12427E-01 1.06203E-01 1.64489E-01 0.00000E+00 0.00000E+00 0.00000E+00 3.64150E-02 1.42650E+00
 26 2.17321E+00 3.61661E-03 8.00631E-03 6.96490E-02 7.97210E-02 3.97260E-04 0.00000E+00 0.00000E+00
    8.54978E-01 2.20323E-03 7.01051E-04 0.00000E+00 3.02050E-01 8.56130E-02 6.87090E-06 1.40730E-06
    5.87693E-01 2.00461E-02 9.14985E-03 0.00000E+00 0.00000E+00 4.67450E-01 6.66210E-02 1.30690E-02
    3.89656E-01 3.83689E-02 5.55026E-02 0.00000E+00 0.00000E+00 2.19050E-03 3.86570E-01 4.28320E-01
    2.13444E-01 9.94369E-02 1.50039E-01 0.00000E+00 0.00000E+00 0.00000E+00 3.59060E-02 1.42630E+00
 27 2.17330E+00 3.63292E-03 8.05027E-03 6.96370E-02 7.97100E-02 3.97230E-04 0.00000E+00 0.00000E+00
    8.54979E-01 2.23870E-03 7.79863E-04 0.00000E+00 3.02020E-01 8.56010E-02 6.86990E-06 1.40710E-06
    5.87079E-01 2.06237E-02 1.01274E-02 0.00000E+00 0.00000E+00 4.67740E-01 6.63960E-02 1.30270E-02
    3.88577E-01 4.12325E-02 6.13775E-02 0.00000E+00 0.00000E+00 2.22250E-03 3.88600E-01 4.25780E-01
    2.12427E-01 1.06203E-01 1.64489E-01 0.00000E+00 0.00000E+00 0.00000E+00 3.64150E-02 1.42650E+00
 28 2.17321E+00 3.61661E-03 8.00631E-03 6.96490E-02 7.97210E-02 3.97260E-04 0.00000E+00 0.00000E+00
    8.54978E-01 2.20323E-03 7.01051E-04 0.00000E+00 3.02050E-01 8.56130E-02 6.87090E-06 1.40730E-06
    5.87693E-01 2.00461E-02 9.14985E-03 0.00000E+00 0.00000E+00 4.67450E-01 6.66210E-02 1.30690E-02
    3.89656E-01 3.83689E-02 5.55026E-02 0.00000E+00 0.00000E+00 2.19050E-03 3.86570E-01 4.28320E-01
    2.13444E-01 9.94369E-02 1.50039E-01 0.00000E+00 0.00000E+00 0.00000E+00 3.59060E-02 1.42630E+00
 29 2.17341E+00 3.65285E-03 8.10400E-03 6.96220E-02 7.96970E-02 3.97200E-04 0.00000E+00 0.00000E+00
    8.54980E-01 2.28205E-03 8.76172E-04 0.00000E+00 3.01990E-01 8.55880E-02 6.86870E-06 1.40680E-06
    5.86339E-01 2.13240E-02 1.13138E-02 0.00000E+00 0.00000E+00 4.68080E-01 6.61240E-02 1.29760E-02
    3.87211E-01 4.46985E-02 6.84826E-02 0.00000E+00 0.00000E+00 2.25820E-03 3.90820E-01 4.23080E-01
    2.11210E-01 1.14239E-01 1.81641E-01 0.00000E+00 0.00000E+00 0.00000E+00 3.70080E-02 1.42700E+00
 30 2.17341E+00 3.65285E-03 8.10400E-03 6.96220E-02 7.96970E-02 3.97200E-04 0.00000E+00 0.00000E+00
    8.54980E-01 2.28205E-03 8.76172E-04 0.00000E+00 3.01990E-01 8.55880E-02 6.86870E-06 1.40680E-06
    5.86339E-01 2.13240E-02 1.13138E-02 0.00000E+00 0.00000E+00 4.68080E-01 6.61240E-02 1.29760E-02
    3.87211E-01 4.46985E-02 6.84826E-02 0.00000E+00 0.00000E+00 2.25820E-03 3.90820E-01 4.23080E-01
    2.11210E-01 1.14239E-01 1.81641E-01 0.00000E+00 0.00000E+00 0.00000E+00 3.70080E-02 1.42700E+00
 31 2.17341E+00 3.65285E-03 8.10400E-03 6.96220E-02 7.96970E-02 3.97200E-04 0.00000E+00 0.00000E+00
    8.54980E-01 2.28205E-03 8.76172E-04 0.00000E+00 3.01990E-01 8.55880E-02 6.86870E-06 1.40680E-06
    5.86339E-01 2.13240E-02 1.13138E-02 0.00000E+00 0.00000E+00 4.68080E-01 6.61240E-02 1.29760E-02
    3.87211E-01 4.46985E-02 6.84826E-02 0.00000E+00 0.00000E+00 2.25820E-03 3.90820E-01 4.23080E-01
    2.11210E-01 1.14239E-01 1.81641E-01 0.00000E+00 0.00000E+00 0.00000E+00 3.70080E-02 1.42700E+00
 32 2.17321E+00 3.61661E-03 8.00631E-03 6.96490E-02 7.97210E-02 3.97260E-04 0.00000E+00 0.00000E+00
    8.54978E-01 2.20323E-03 7.01051E-04 0.00000E+00 3.02050E-01 8.56130E-02 6.87090E-06 1.40730E-06
    5.87693E-01 2.00461E-02 9.14985E-03 0.00000E+00 0.00000E+00 4.67450E-01 6.66210E-02 1.30690E-02
    3.89656E-01 3.83689E-02 5.55026E-02 0.00000E+00 0.00000E+00 2.19050E-03 3.86570E-01 4.28320E-01
    2.13444E-01 9.94369E-02 1.50039E-01 0.00000E+00 0.00000E+00 0.00000E+00 3.59060E-02 1.42630E+00
 33 2.17330E+00 3.63292E-03 8.05027E-03 6.96370E-02 7.97100E-02 3.97230E-04 0.00000E+00 0.00000E+00
    8.54979E-01 2.23870E-03 7.79863E-04 0.00000E+00 3.02020E-01 8.56010E-02 6.86990E-06 1.40710E-06
    5.87079E-01 2.06237E-02 1.01274E-02 0.00000E+00 0.00000E+00 4.67740E-01 6.63960E-02 1.30270E-02
    3.88577E-01 4.12325E-02 6.13775E-02 0.00000E+00 0.00000E+00 2.22250E-03 3.88600E-01 4.25780E-01
    2.12427E-01 1.06203E-01 1.64489E-01 0.00000E+00 0.00000E+00 0.00000E+00 3.64150E-02 1.42650E+00
 34 2.17321E+00 3.61661E-03 8.00631E-03 6.96490E-02 7.97210E-02 3.97260E-04 0.00000E+00 0.00000E+00
    8.54978E-01 2.20323E-03 7.01051E-04 0.00000E+00 3.02050E-01 8.56130E-02 6.87090E-06 1.40730E-06
    5.87693E-01 2.00461E-02 9.14985E-03 0.00000E+00 0.00000E+00 4.67450E-01 6.66210E-02 1.30690E-02
    3.89656E-01 3.83689E-02 5.55026E-02 0.00000E+00 0.00000E+00 2.19050E-03 3.86570E-01 4.28320E-01
    2.13444E-01 9.94369E-02 1.50039E-01 0.00000E+00 0.00000E+00 0.00000E+00 3.59060E-02 1.42630E+00
 35 2.17330E+00 3.63292E-03 8.05027E-03 6.96370E-02 7.97100E-02 3.97230E-04 0.00000E+00 0.00000E+00
    8.54979E-01 2.23870E-03 7.79863E-04 0.00000E+00 3.02020E-01 8.56010E-02 6.86990E-06 1.40710E-06
    5.87079E-01 2.06237E-02 1.01274E-02 0.00000E+00 0.00000E+00 4.67740E-01 6.63960E-02 1.30270E-02
    3.88577E-01 4.12325E-02 6.13775E-02 0.00000E+00 0.00000E+00 2.22250E-03 3.88600E-01 4.25780E-01
    2.12427E-01 1.06203E-01 1.64489E-01 0.00000E+00 0.00000E+00 0.00000E+00 3.64150E-02 1.42650E+00
 36 2.17321E+00 3.61661E-03 8.00631E-03 6.96490E-02 7.97210E-02 3.97260E-04 0.00000E+00 0.00000E+00
    8.54978E-01 2.20323E-03 7.01051E-04 0.00000E+00 3.02050E-01 8.56130E-02 6.87090E-06 1.40730E-06
    5.87693E-01 2.00461E-02 9.14985E-03 0.00000E+00 0.00000E+00 4.67450E-01 6.66210E-02 1.30690E-02
    3.89656E-01 3.83689E-02 5.55026E-02 0.00000E+00 0.00000E+00 2.19050E-03 3.86570E-01 4.28320E-01
    2.13444E-01 9.94369E-02 1.50039E-01 0.00000E+00 0.00000E+00 0.00000E+00 3.59060E-02 1.42630E+00
 37 2.17330E+00 3.63292E-03 8.05027E-03 6.96370E-02 7.97100E-02 3.97230E-04 0.00000E+00 0.00000E+00
    8.54979E-01 2.23870E-03 7.79863E-04 0.00000E+00 3.02020E-01 8.56010E-02 6.86990E-06 1.40710E-06
    5.87079E-01 2.06237E-02 1.01274E-02 0.00000E+00 0.00000E+00 4.67740E-01 6.63960E-02 1.30270E-02
    3.88577E-01 4.12325E-02 6.13775E-02 0.00000E+00 0.00000E+00 2.22250E-03 3.88600E-01 4.25780E-01
    2.12427E-01 1.06203E-01 1.64489E-01 0.00000E+00 0.00000E+00 0.00000E+00 3.64150E-02 1.42650E+00
 38 2.17321E+00 3.61661E-03 8.00631E-03 6.96490E-02 7.97210E-02 3.97260E-04 0.00000E+00 0.00000E+00
    8.54978E-01 2.20323E-03 7.01051E-04 0.00000E+00 3.02050E-01 8.56130E-02 6.87090E-06 1.40730E-06
    5.87693E-01 2.00461E-02 9.14985E-03 0.00000E+00 0.00000E+00 4.67450E-01 6.66210E-02 1.30690E-02
    3.89656E-01 3.83689E-02 5.55026E-02 0.00000E+00 0.00000E+00 2.19050E-03 3.86570E-01 4.28320E-01
    2.13444E-01 9.94369E-02 1.50039E-01 0.00000E+00 0.00000E+00 0.00000E+00 3.59060E-02 1.42630E+00
 39 2.17330E+00 3.63292E-03 8.05027E-03 6.96370E-02 7.97100E-02 3.97230E-04 0.00000E+00 0.00000E+00
    8.54979E-01 2.23870E-03 7.79863E-04 0.00000E+00 3.02020E-01 8.56010E-02 6.86990E-06 1.40710E-06
    5.87079E-01 2.06237E-02 1.01274E-02 0.00000E+00 0.00000E+00 4.67740E-01 6.63960E-02 1.30270E-02
    3.88577E-01 4.12325E-02 6.13775E-02 0.00000E+00 0.00000E+00 2.22250E-03 3.88600E-01 4.25780E-01
    2.12427E-01 1.06203E-01 1.64489E-01 0.00000E+00 0.00000E+00 0.00000E+00 3.64150E-02 1.42650E+00
 40 2.17321E+00 3.61661E-03 8.00631E-03 6.96490E-02 7.97210E-02 3.97260E-04 0.00000E+00 0.00000E+00
    8.54978E-01 2.20323E-03 7.01051E-04 0.00000E+00 3.02050E-01 8.56130E-02 6.87090E-06 1.40730E-06
    5.87693E-01 2.00461E-02 9.14985E-03 0.00000E+00 0.00000E+00 4.67450E-01 6.66210E-02 1.30690E-02
    3.89656E-01 3.83689E-02 5.55026E-02 0.00000E+00 0.00000E+00 2.19050E-03 3.86570E-01 4.28320E-01
    2.13444E-01 9.94369E-02 1.50039E-01 0.00000E+00 0.00000E+00 0.00000E+00 3.59060E-02 1.42630E+00
 41 2.17341E+00 3.65285E-03 8.10400E-03 6.96220E-02 7.96970E-02 3.97200E-04 0.00000E+00 0.00000E+00
    8.54980E-01 2.28205E-03 8.76172E-04 0.00000E+00 3.01990E-01 8.55880E-02 6.86870E-06 1.40680E-06
    5.86339E-01 2.13240E-02 1.13138E-02 0.00000E+00 0.00000E+00 4.68080E-01 6.61240E-02 1.29760E-02
    3.87211E-01 4.46985E-02 6.84826E-02 0.00000E+00 0.00000E+00 2.25820E-03 3.90820E-01 4.23080E-01
    2.11210E-01 1.14239E-01 1.81641E-01 0.00000E+00 0.00000E+00 0.00000E+00 3.70080E-02 1.42700E+00
 42 2.17341E+00 3.65285E-03 8.10400E-03 6.96220E-02 7.96970E-02 3.97200E-04 0.00000E+00 0.00000E+00
    8.54980E-01 2.28205E-03 8.76172E-04 0.00000E+00 3.01990E-01 8.55880E-02 6.86870E-06 1.40680E-06
    5.86339E-01 2.13240E-02 1.13138E-02 0.00000E+00 0.00000E+00 4.68080E-01 6.61240E-02 1.29760E-02
    3.87211E-01 4.46985E-02 6.84826E-02 0.00000E+00 0.00000E+00 2.25820E-03 3.90820E-01 4.23080E-01
    2.11210E-01 1.14239E-01 1.81641E-01 0.00000E+00 0.00000E+00 0.00000E+00 3.70080E-02 1.42700E+00
 43 2.17330E+00 3.63292E-03 8.05027E-03 6.96370E-02 7.97100E-02 3.97230E-04 0.00000E+00 0.00000E+00
    8.54979E-01 2.23870E-03 7.79863E-04 0.00000E+00 3.02020E-01 8.56010E-02 6.86990E-06 1.40710E-06
    5.87079E-01 2.06237E-02 1.01274E-02 0.00000E+00 0.00000E+00 4.67740E-01 6.63960E-02 1.30270E-02
    3.88577E-01 4.12325E-02 6.13775E-02 0.00000E+00 0.00000E+00 2.22250E-03 3.88600E-01 4.25780E-01
    2.12427E-01 1.06203E-01 1.64489E-01 0.00000E+00 0.00000E+00 0.00000E+00 3.64150E-02 1.42650E+00
 44 2.17330E+00 3.63292E-03 8.05027E-03 6.96370E-02 7.97100E-02 3.97230E-04 0.00000E+00 0.00000E+00
    8.54979E-01 2.23870E-03 7.79863E-04 0.00000E+00 3.02020E-01 8.56010E-02 6.86990E-06 1.40710E-06
    5.87079E-01 2.06237E-02 1.01274E-02 0.00000E+00 0.00000E+00 4.67740E-01 6.63960E-02 1.30270E-02
    3.88577E-01 4.12325E-02 6.13775E-02 0.00000E+00 0.00000E+00 2.22250E-03 3.88600E-01 4.25780E-01
    2.12427E-01 1.06203E-01 1.64489E-01 0.00000E+00 0.00000E+00 0.00000E+00 3.64150E-02 1.42650E+00
 45 2.17321E+00 3.61661E-03 8.00631E-03 6.96490E-02 7.97210E-02 3.97260E-04 0.00000E+00 0.00000E+00
    8.54978E-01 2.20323E-03 7.01051E-04 0.00000E+00 3.02050E-01 8.56130E-02 6.87090E-06 1.40730E-06
    5.87693E-01 2.00461E-02 9.14985E-03 0.00000E+00 0.00000E+00 4.67450E-01 6.66210E-02 1.30690E-02
    3.89656E-01 3.83689E-02 5.55026E-02 0.00000E+00 0.00000E+00 2.19050E-03 3.86570E-01 4.28320E-01
    2.13444E-01 9.94369E-02 1.50039E-01 0.00000E+00 0.00000E+00 0.00000E+00 3.59060E-02 1.42630E+00
 46 2.17330E+00 3.63292E-03 8.05027E-03 6.96370E-02 7.97100E-02 3.97230E-04 0.00000E+00 0.00000E+00
    8.54979E-01 2.23870E-03 7.79863E-04 0.00000E+00 3.02020E-01 8.56010E-02 6.86990E-06 1.40710E-06
    5.87079E-01 2.06237E-02 1.01274E-02 0.00000E+00 0.00000E+00 4.67740E-01 6.63960E-02 1.30270E-02
    3.88577E-01 4.12325E-02 6.13775E-02 0.00000E+00 0.00000E+00 2.22250E-03 3.88600E-01 4.25780E-01
    2.12427E-01 1.06203E-01 1.64489E-01 0.00000E+00 0.00000E+00 0.00000E+00 3.64150E-02 1.42650E+00
 47 2.17321E+00 3.61661E-03 8.00631E-03 6.96490E-02 7.97210E-02 3.97260E-04 0.00000E+00 0.00000E+00
    8.54978E-01 2.20323E-03 7.01051E-04 0.00000E+00 3.02050E-01 8.56130E-02 6.87090E-06 1.40730E-06
    5.87693E-01 2.00461E-02 9.14985E-03 0.00000E+00 0.00000E+00 4.67450E-01 6.66210E-02 1.30690E-02
    3.89656E-01 3.83689E-02 5.55026E-02 0.00000E+00 0.00000E+00 2.19050E-03 3.86570E-01 4.28320E-01
    2.13444E-01 9.94369E-02 1.50039E-01 0.00000E+00 0.00000E+00 0.00000E+00 3.59060E-02 1.42630E+00
 48 2.17321E+00 3.61661E-03 8.00631E-03 6.96490E-02 7.97210E-02 3.97260E-04 0.00000E+00 0.00000E+00
    8.54978E-01 2.20323E-03 7.01051E-04 0.00000E+00 3.02050E-01 8.56130E-02 6.87090E-06 1.40730E-06
    5.87693E-01 2.00461E-02 9.14985E-03 0.00000E+00 0.00000E+00 4.67450E-01 6.66210E-02 1.30690E-02
    3.89656E-01 3.83689E-02 5.55026E-02 0.00000E+00 0.00000E+00 2.19050E-03 3.86570E-01 4.28320E-01
    2.13444E-01 9.94369E-02 1.50039E-01 0.00000E+00 0.00000E+00 0.00000E+00 3.59060E-02 1.42630E+00
 49 2.17321E+00 3.61661E-03 8.00631E-03 6.96490E-02 7.97210E-02 3.97260E-04 0.00000E+00 0.00000E+00
    8.54978E-01 2.20323E-03 7.01051E-04 0.00000E+00 3.02050E-01 8.56130E-02 6.87090E-06 1.40730E-06
    5.87693E-01 2.00461E-02 9.14985E-03 0.00000E+00 0.00000E+00 4.67450E-01 6.66210E-02 1.30690E-02
    3.89656E-01 3.83689E-02 5.55026E-02 0.00000E+00 0.00000E+00 2.19050E-03 3.86570E-01 4.28320E-01
    2.13444E-01 9.94369E-02 1.50039E-01 0.00000E+00 0.00000E+00 0.00000E+00 3.59060E-02 1.42630E+00
 50 2.17330E+00 3.63292E-03 8.05027E-03 6.96370E-02 7.97100E-02 3.97230E-04 0.00000E+00 0.00000E+00
    8.54979E-01 2.23870E-03 7.79863E-04 0.00000E+00 3.02020E-01 8.56010E-02 6.86990E-06 1.40710E-06
    5.87079E-01 2.06237E-02 1.01274E-02 0.00000E+00 0.00000E+00 4.67740E-01 6.63960E-02 1.30270E-02
    3.88577E-01 4.12325E-02 6.13775E-02 0.00000E+00 0.00000E+00 2.22250E-03 3.88600E-01 4.25780E-01
    2.12427E-01 1.06203E-01 1.64489E-01 0.00000E+00 0.00000E+00 0.00000E+00 3.64150E-02 1.42650E+00
 51 2.17321E+00 3.61661E-03 8.00631E-03 6.96490E-02 7.97210E-02 3.97260E-04 0.00000E+00 0.00000E+00
    8.54978E-01 2.20323E-03 7.01051E-04 0.00000E+00 3.02050E-01 8.56130E-02 6.87090E-06 1.40730E-06
    5.87693E-01 2.00461E-02 9.14985E-03 0.00000E+00 0.00000E+00 4.67450E-01 6.66210E-02 1.30690E-02
    3.89656E-01 3.83689E-02 5.55026E-02 0.00000E+00 0.00000E+00 2.19050E-03 3.86570E-01 4.28320E-01
    2.13444E-01 9.94369E-02 1.50039E-01 0.00000E+00 0.00000E+00 0.00000E+00 3.59060E-02 1.42630E+00
 52 2.17330E+00 3.63292E-03 8.05027E-03 6.96370E-02 7.97100E-02 3.97230E-04 0.00000E+00 0.00000E+00
    8.54979E-01 2.23870E-03 7.79863E-04 0.00000E+00 3.02020E-01 8.56010E-02 6.86990E-06 1.40710E-06
    5.87079E-01 2.06237E-02 1.01274E-02 0.00000E+00 0.00000E+00 4.67740E-01 6.63960E-02 1.30270E-02
    3.88577E-01 4.12325E-02 6.13775E-02 0.00000E+00 0.00000E+00 2.22250E-03 3.88600E-01 4.25780E-01
    2.12427E-01 1.06203E-01 1.64489E-01 0.00000E+00 0.00000E+00 0.00000E+00 3.64150E-02 1.42650E+00
 53 2.17330E+00 3.63292E-03 8.05027E-03 6.96370E-02 7.97100E-02 3.97230E-04 0.00000E+00 0.00000E+00
    8.54979E-01 2.23870E-03 7.79863E-04 0.00000E+00 3.02020E-01 8.56010E-02 6.86990E-06 1.40710E-06
    5.87079E-01 2.06237E-02 1.01274E-02 0.00000E+00 0.00000E+00 4.67740E-01 6.63960E-02 1.30270E-02
    3.88577E-01 4.12325E-02 6.13775E-02 0.00000E+00 0.00000E+00 2.22250E-03 3.88600E-01 4.25780E-01
    2.12427E-01 1.06203E-01 1.64489E-01 0.00000E+00 0.00000E+00 0.00000E+00 3.64150E-02 1.42650E+00
 54 2.17341E+00 3.65285E-03 8.10400E-03 6.96220E-02 7.96970E-02 3.97200E-04 0.00000E+00 0.00000E+00
    8.54980E-01 2.28205E-03 8.76172E-04 0.00000E+00 3.01990E-01 8.55880E-02 6.86870E-06 1.40680E-06
    5.86339E-01 2.13240E-02 1.13138E-02 0.00000E+00 0.00000E+00 4.68080E-01 6.61240E-02 1.29760E-02
    3.87211E-01 4.46985E-02 6.84826E-02 0.00000E+00 0.00000E+00 2.25820E-03 3.90820E-01 4.23080E-01
    2.11210E-01 1.14239E-01 1.81641E-01 0.00000E+00 0.00000E+00 0.00000E+00 3.70080E-02 1.42700E+00
 55 2.17341E+00 3.65285E-03 8.10400E-03 6.96220E-02 7.96970E-02 3.97200E-04 0.00000E+00 0.00000E+00
    8.54980E-01 2.28205E-03 8.76172E-04 0.00000E+00 3.01990E-01 8.55880E-02 6.86870E-06 1.40680E-06
    5.86339E-01 2.13240E-02 1.13138E-02 0.00000E+00 0.00000E+00 4.68080E-01 6.61240E-02 1.29760E-02
    3.87211E-01 4.46985E-02 6.84826E-02 0.00000E+00 0.00000E+00 2.25820E-03 3.90820E-01 4.23080E-01
    2.11210E-01 1.14239E-01 1.81641E-01 0.00000E+00 0.00000E+00 0.00000E+00 3.70080E-02 1.42700E+00
 56 2.17330E+00 3.63292E-03 8.05027E-03 6.96370E-02 7.97100E-02 3.97230E-04 0.00000E+00 0.00000E+00
    8.54979E-01 2.23870E-03 7.79863E-04 0.00000E+00 3.02020E-01 8.56010E-02 6.86990E-06 1.40710E-06
    5.87079E-01 2.06237E-02 1.01274E-02 0.00000E+00 0.00000E+00 4.67740E-01 6.63960E-02 1.30270E-02
    3.88577E-01 4.12325E-02 6.13775E-02 0.00000E+00 0.00000E+00 2.22250E-03 3.88600E-01 4.25780E-01
    2.12427E-01 1.06203E-01 1.64489E-01 0.00000E+00 0.00000E+00 0.00000E+00 3.64150E-02 1.42650E+00
 57 2.17321E+00 3.61661E-03 8.00631E-03 6.96490E-02 7.97210E-02 3.97260E-04 0.00000E+00 0.00000E+00
    8.54978E-01 2.20323E-03 7.01051E-04 0.00000E+00 3.02050E-01 8.56130E-02 6.87090E-06 1.40730E-06
    5.87693E-01 2.00461E-02 9.14985E-03 0.00000E+00 0.00000E+00 4.67450E-01 6.66210E-02 1.30690E-02
    3.89656E-01 3.83689E-02 5.55026E-02 0.00000E+00 0.00000E+00 2.19050E-03 3.86570E-01 4.28320E-01
    2.13444E-01 9.94369E-02 1.50039E-01 0.00000E+00 0.00000E+00 0.00000E+00 3.59060E-02 1.42630E+00
 58 2.17330E+00 3.63292E-03 8.05027E-03 6.96370E-02 7.97100E-02 3.97230E-04 0.00000E+00 0.00000E+00
    8.54979E-01 2.23870E-03 7.79863E-04 0.00000E+00 3.02020E-01 8.56010E-02 6.86990E-06 1.40710E-06
    5.87079E-01 2.06237E-02 1.01274E-02 0.00000E+00 0.00000E+00 4.67740E-01 6.63960E-02 1.30270E-02
    3.88577E-01 4.12325E-02 6.13775E-02 0.00000E+00 0.00000E+00 2.22250E-03 3.88600E-01 4.25780E-01
    2.12427E-01 1.06203E-01 1.64489E-01 0.00000E+00 0.00000E+00 0.00000E+00 3.64150E-02 1.42650E+00
 59 2.17321E+00 3.61661E-03 8.00631E-03 6.96490E-02 7.97210E-02 3.97260E-04 0.00000E+00 0.00000E+00
    8.54978E-01 2.20323E-03 7.01051E-04 0.00000E+00 3.02050E-01 8.56130E-02 6.87090E-06 1.40730E-06
    5.87693E-01 2.00461E-02 9.14985E-03 0.00000E+00 0.00000E+00 4.67450E-01 6.66210E-02 1.30690E-02
    3.89656E-01 3.83689E-02 5.55026E-02 0.00000E+00 0.00000E+00 2.19050E-03 3.86570E-01 4.28320E-01
    2.13444E-01 9.94369E-02 1.50039E-01 0.00000E+00 0.00000E+00 0.00000E+00 3.59060E-02 1.42630E+00
 60 2.17321E+00 3.61661E-03 8.00631E-03 6.96490E-02 7.97210E-02 3.97260E-04 0.00000E+00 0.00000E+00
    8.54978E-01 2.20323E-03 7.01051E-04 0.00000E+00 3.02050E-01 8.56130E-02 6.87090E-06 1.40730E-06
    5.87693E-01 2.00461E-02 9.14985E-03 0.00000E+00 0.00000E+00 4.67450E-01 6.66210E-02 1.30690E-02
    3.89656E-01 3.83689E-02 5.55026E-02 0.00000E+00 0.00000E+00 2.19050E-03 3.86570E-01 4.28320E-01
    2.13444E-01 9.94369E-02 1.50039E-01 0.00000E+00 0.00000E+00 0.00000E+00 3.59060E-02 1.42630E+00
 61 2.17321E+00 3.61661E-03 8.00631E-03 6.96490E-02 7.97210E-02 3.97260E-04 0.00000E+00 0.00000E+00
    8.54978E-01 2.20323E-03 7.01051E-04 0.00000E+00 3.02050E-01 8.56130E-02 6.87090E-06 1.40730E-06
    5.87693E-01 2.00461E-02 9.14985E-03 0.00000E+00 0.00000E+00 4.67450E-01 6.66210E-02 1.30690E-02
    3.89656E-01 3.83689E-02 5.55026E-02 0.00000E+00 0.00000E+00 2.19050E-03 3.86570E-01 4.28320E-01
    2.13444E-01 9.94369E-02 1.50039E-01 0.00000E+00 0.00000E+00 0.00000E+00 3.59060E-02 1.42630E+00
 62 2.17321E+00 3.61661E-03 8.00631E-03 6.96490E-02 7.97210E-02 3.97260E-04 0.00000E+00 0.00000E+00
    8.54978E-01 2.20323E-03 7.01051E-04 0.00000E+00 3.02050E-01 8.56130E-02 6.87090E-06 1.40730E-06
    5.87693E-01 2.00461E-02 9.14985E-03 0.00000E+00 0.00000E+00 4.67450E-01 6.66210E-02 1.30690E-02
    3.89656E-01 3.83689E-02 5.55026E-02 0.00000E+00 0.00000E+00 2.19050E-03 3.86570E-01 4.28320E-01
    2.13444E-01 9.94369E-02 1.50039E-01 0.00000E+00 0.00000E+00 0.00000E+00 3.59060E-02 1.42630E+00
 63 2.17321E+00 3.61661E-03 8.00631E-03 6.96490E-02 7.97210E-02 3.97260E-04 0.00000E+00 0.00000E+00
    8.54978E-01 2.20323E-03 7.01051E-04 0.00000E+00 3.02050E-01 8.56130E-02 6.87090E-06 1.40730E-06
    5.87693E-01 2.00461E-02 9.14985E-03 0.00000E+00 0.00000E+00 4.67450E-01 6.66210E-02 1.30690E-02
    3.89656E-01 3.83689E-02 5.55026E-02 0.00000E+00 0.00000E+00 2.19050E-03 3.86570E-01 4.28320E-01
    2.13444E-01 9.94369E-02 1.50039E-01 0.00000E+00 0.00000E+00 0.00000E+00 3.59060E-02 1.42630E+00
 64 2.17330E+00 3.63292E-03 8.05027E-03 6.96370E-02 7.97100E-02 3.97230E-04 0.00000E+00 0.00000E+00
    8.54979E-01 2.23870E-03 7.79863E-04 0.00000E+00 3.02020E-01 8.56010E-02 6.86990E-06 1.40710E-06
    5.87079E-01 2.06237E-02 1.01274E-02 0.00000E+00 0.00000E+00 4.67740E-01 6.63960E-02 1.30270E-02
    3.88577E-01 4.12325E-02 6.13775E-02 0.00000E+00 0.00000E+00 2.22250E-03 3.88600E-01 4.25780E-01
    2.12427E-01 1.06203E-01 1.64489E-01 0.00000E+00 0.00000E+00 0.00000E+00 3.64150E-02 1.42650E+00
 65 2.17321E+00 3.61661E-03 8.00631E-03 6.96490E-02 7.97210E-02 3.97260E-04 0.00000E+00 0.00000E+00
    8.54978E-01 2.20323E-03 7.01051E-04 0.00000E+00 3.02050E-01 8.56130E-02 6.87090E-06 1.40730E-06
    5.87693E-01 2.00461E-02 9.14985E-03 0.00000E+00 0.00000E+00 4.67450E-01 6.66210E-02 1.30690E-02
    3.89656E-01 3.83689E-02 5.55026E-02 0.00000E+00 0.00000E+00 2.19050E-03 3.86570E-01 4.28320E-01
    2.13444E-01 9.94369E-02 1.50039E-01 0.00000E+00 0.00000E+00 0.00000E+00 3.59060E-02 1.42630E+00
 66 2.17330E+00 3.63292E-03 8.05027E-03 6.96370E-02 7.97100E-02 3.97230E-04 0.00000E+00 0.00000E+00
    8.54979E-01 2.23870E-03 7.79863E-04 0.00000E+00 3.02020E-01 8.56010E-02 6.86990E-06 1.40710E-06
    5.87079E-01 2.06237E-02 1.01274E-02 0.00000E+00 0.00000E+00 4.67740E-01 6.63960E-02 1.30270E-02
    3.88577E-01 4.12325E-02 6.13775E-02 0.00000E+00 0.00000E+00 2.22250E-03 3.88600E-01 4.25780E-01
    2.12427E-01 1.06203E-01 1.64489E-01 0.00000E+00 0.00000E+00 0.00000E+00 3.64150E-02 1.42650E+00
 67 2.17341E+00 3.65285E-03 8.10400E-03 6.96220E-02 7.96970E-02 3.97200E-04 0.00000E+00 0.00000E+00
    8.54980E-01 2.28205E-03 8.76172E-04 0.00000E+00 3.01990E-01 8.55880E-02 6.86870E-06 1.40680E-06
    5.86339E-01 2.13240E-02 1.13138E-02 0.00000E+00 0.00000E+00 4.68080E-01 6.61240E-02 1.29760E-02
    3.87211E-01 4.46985E-02 6.84826E-02 0.00000E+00 0.00000E+00 2.25820E-03 3.90820E-01 4.23080E-01
    2.11210E-01 1.14239E-01 1.81641E-01 0.00000E+00 0.00000E+00 0.00000E+00 3.70080E-02 1.42700E+00
 68 2.17341E+00 3.65285E-03 8.10400E-03 6.96220E-02 7.96970E-02 3.97200E-04 0.00000E+00 0.00000E+00
    8.54980E-01 2.28205E-03 8.76172E-04 0.00000E+00 3.01990E-01 8.55880E-02 6.86870E-06 1.40680E-06
    5.86339E-01 2.13240E-02 1.13138E-02 0.00000E+00 0.00000E+00 4.68080E-01 6.61240E-02 1.29760E-02
    3.87211E-01 4.46985E-02 6.84826E-02 0.00000E+00 0.00000E+00 2.25820E-03 3.90820E-01 4.23080E-01
    2.11210E-01 1.14239E-01 1.81641E-01 0.00000E+00 0.00000E+00 0.00000E+00 3.70080E-02 1.42700E+00
 69 2.17330E+00 3.63292E-03 8.05027E-03 6.96370E-02 7.97100E-02 3.97230E-04 0.00000E+00 0.00000E+00
    8.54979E-01 2.23870E-03 7.79863E-04 0.00000E+00 3.02020E-01 8.56010E-02 6.86990E-06 1.40710E-06
    5.87079E-01 2.06237E-02 1.01274E-02 0.00000E+00 0.00000E+00 4.67740E-01 6.63960E-02 1.30270E-02
    3.88577E-01 4.12325E-02 6.13775E-02 0.00000E+00 0.00000E+00 2.22250E-03 3.88600E-01 4.25780E-01
    2.12427E-01 1.06203E-01 1.64489E-01 0.00000E+00 0.00000E+00 0.00000E+00 3.64150E-02 1.42650E+00
 70 2.17330E+00 3.63292E-03 8.05027E-03 6.96370E-02 7.97100E-02 3.97230E-04 0.00000E+00 0.00000E+00
    8.54979E-01 2.23870E-03 7.79863E-04 0.00000E+00 3.02020E-01 8.56010E-02 6.86990E-06 1.40710E-06
    5.87079E-01 2.06237E-02 1.01274E-02 0.00000E+00 0.00000E+00 4.67740E-01 6.63960E-02 1.30270E-02
    3.88577E-01 4.12325E-02 6.13775E-02 0.00000E+00 0.00000E+00 2.22250E-03 3.88600E-01 4.25780E-01
    2.12427E-01 1.06203E-01 1.64489E-01 0.00000E+00 0.00000E+00 0.00000E+00 3.64150E-02 1.42650E+00
 71 2.17321E+00 3.61661E-03 8.00631E-03 6.96490E-02 7.97210E-02 3.97260E-04 0.00000E+00 0.00000E+00
    8.54978E-01 2.20323E-03 7.01051E-04 0.00000E+00 3.02050E-01 8.56130E-02 6.87090E-06 1.40730E-06
    5.87693E-01 2.00461E-02 9.14985E-03 0.00000E+00 0.00000E+00 4.67450E-01 6.66210E-02 1.30690E-02
    3.89656E-01 3.83689E-02 5.55026E-02 0.00000E+00 0.00000E+00 2.19050E-03 3.86570E-01 4.28320E-01
    2.13444E-01 9.94369E-02 1.50039E-01 0.00000E+00 0.00000E+00 0.00000E+00 3.59060E-02 1.42630E+00
 72 2.17330E+00 3.63292E-03 8.05027E-03 6.96370E-02 7.97100E-02 3.97230E-04 0.00000E+00 0.00000E+00
    8.54979E-01 2.23870E-03 7.79863E-04 0.00000E+00 3.02020E-01 8.56010E-02 6.86990E-06 1.40710E-06
    5.87079E-01 2.06237E-02 1.01274E-02 0.00000E+00 0.00000E+00 4.67740E-01 6.63960E-02 1.30270E-02
    3.88577E-01 4.12325E-02 6.13775E-02 0.00000E+00 0.00000E+00 2.22250E-03 3.88600E-01 4.25780E-01
    2.12427E-01 1.06203E-01 1.64489E-01 0.00000E+00 0.00000E+00 0.00000E+00 3.64150E-02 1.42650E+00
 73 2.17321E+00 3.61661E-03 8.00631E-03 6.96490E-02 7.97210E-02 3.97260E-04 0.00000E+00 0.00000E+00
    8.54978E-01 2.20323E-03 7.01051E-04 0.00000E+00 3.02050E-01 8.56130E-02 6.87090E-06 1.40730E-06
    5.87693E-01 2.00461E-02 9.14985E-03 0.00000E+00 0.00000E+00 4.67450E-01 6.66210E-02 1.30690E-02
    3.89656E-01 3.83689E-02 5.55026E-02 0.00000E+00 0.00000E+00 2.19050E-03 3.86570E-01 4.28320E-01
    2.13444E-01 9.94369E-02 1.50039E-01 0.00000E+00 0.00000E+00 0.00000E+00 3.59060E-02 1.42630E+00
 74 2.17321E+00 3.61661E-03 8.00631E-03 6.96490E-02 7.97210E-02 3.97260E-04 0.00000E+00 0.00000E+00
    8.54978E-01 2.20323E-03 7.01051E-04 0.00000E+00 3.02050E-01 8.56130E-02 6.87090E-06 1.40730E-06
    5.87693E-01 2.00461E-02 9.14985E-03 0.00000E+00 0.00000E+00 4.67450E-01 6.66210E-02 1.30690E-02
    3.89656E-01 3.83689E-02 5.55026E-02 0.00000E+00 0.00000E+00 2.19050E-03 3.86570E-01 4.28320E-01
    2.13444E-01 9.94369E-02 1.50039E-01 0.00000E+00 0.00000E+00 0.00000E+00 3.59060E-02 1.42630E+00
 75 2.17321E+00 3.61661E-03 8.00631E-03 6.96490E-02 7.97210E-02 3.97260E-04 0.00000E+00 0.00000E+00
    8.54978E-01 2.20323E-03 7.01051E-04 0.00000E+00 3.02050E-01 8.56130E-02 6.87090E-06 1.40730E-06
    5.87693E-01 2.00461E-02 9.14985E-03 0.00000E+00 0.00000E+00 4.67450E-01 6.66210E-02 1.30690E-02
    3.89656E-01 3.83689E-02 5.55026E-02 0.00000E+00 0.00000E+00 2.19050E-03 3.86570E-01 4.28320E-01
    2.13444E-01 9.94369E-02 1.50039E-01 0.00000E+00 0.00000E+00 0.00000E+00 3.59060E-02 1.42630E+00
 76 2.17330E+00 3.63292E-03 8.05027E-03 6.96370E-02 7.97100E-02 3.97230E-04 0.00000E+00 0.00000E+00
    8.54979E-01 2.23870E-03 7.79863E-04 0.00000E+00 3.02020E-01 8.56010E-02 6.86990E-06 1.40710E-06
    5.87079E-01 2.06237E-02 1.01274E-02 0.00000E+00 0.00000E+00 4.67740E-01 6.63960E-02 1.30270E-02
    3.88577E-01 4.12325E-02 6.13775E-02 0.00000E+00 0.00000E+00 2.22250E-03 3.88600E-01 4.25780E-01
    2.12427E-01 1.06203E-01 1.64489E-01 0.00000E+00 0.00000E+00 0.00000E+00 3.64150E-02 1.42650E+00
 77 2.17321E+00 3.61661E-03 8.00631E-03 6.96490E-02 7.97210E-02 3.97260E-04 0.00000E+00 0.00000E+00
    8.54978E-01 2.20323E-03 7.01051E-04 0.00000E+00 3.02050E-01 8.56130E-02 6.87090E-06 1.40730E-06
    5.87693E-01 2.00461E-02 9.14985E-03 0.00000E+00 0.00000E+00 4.67450E-01 6.66210E-02 1.30690E-02
    3.89656E-01 3.83689E-02 5.55026E-02 0.00000E+00 0.00000E+00 2.19050E-03 3.86570E-01 4.28320E-01
    2.13444E-01 9.94369E-02 1.50039E-01 0.00000E+00 0.00000E+00 0.00000E+00 3.59060E-02 1.42630E+00
 78 2.17330E+00 3.63292E-03 8.05027E-03 6.96370E-02 7.97100E-02 3.97230E-04 0.00000E+00 0.00000E+00
    8.54979E-01 2.23870E-03 7.79863E-04 0.00000E+00 3.02020E-01 8.56010E-02 6.86990E-06 1.40710E-06
    5.87079E-01 2.06237E-02 1.01274E-02 0.00000E+00 0.00000E+00 4.67740E-01 6.63960E-02 1.30270E-02
    3.88577E-01 4.12325E-02 6.13775E-02 0.00000E+00 0.00000E+00 2.22250E-03 3.88600E-01 4.25780E-01
    2.12427E-01 1.06203E-01 1.64489E-01 0.00000E+00 0.00000E+00 0.00000E+00 3.64150E-02 1.42650E+00
 79 2.17330E+00 3.63292E-03 8.05027E-03 6.96370E-02 7.97100E-02 3.97230E-04 0.00000E+00 0.00000E+00
    8.54979E-01 2.23870E-03 7.79863E-04 0.00000E+00 3.02020E-01 8.56010E-02 6.86990E-06 1.40710E-06
    5.87079E-01 2.06237E-02 1.01274E-02 0.00000E+00 0.00000E+00 4.67740E-01 6.63960E-02 1.30270E-02
    3.88577E-01 4.12325E-02 6.13775E-02 0.00000E+00 0.00000E+00 2.22250E-03 3.88600E-01 4.25780E-01
    2.12427E-01 1.06203E-01 1.64489E-01 0.00000E+00 0.00000E+00 0.00000E+00 3.64150E-02 1.42650E+00
 80 2.17341E+00 3.65285E-03 8.10400E-03 6.96220E-02 7.96970E-02 3.97200E-04 0.00000E+00 0.00000E+00
    8.54980E-01 2.28205E-03 8.76172E-04 0.00000E+00 3.01990E-01 8.55880E-02 6.86870E-06 1.40680E-06
    5.86339E-01 2.13240E-02 1.13138E-02 0.00000E+00 0.00000E+00 4.68080E-01 6.61240E-02 1.29760E-02
    3.87211E-01 4.46985E-02 6.84826E-02 0.00000E+00 0.00000E+00 2.25820E-03 3.90820E-01 4.23080E-01
    2.11210E-01 1.14239E-01 1.81641E-01 0.00000E+00 0.00000E+00 0.00000E+00 3.70080E-02 1.42700E+00
 81 2.17341E+00 3.65285E-03 8.10400E-03 6.96220E-02 7.96970E-02 3.97200E-04 0.00000E+00 0.00000E+00
    8.54980E-01 2.28205E-03 8.76172E-04 0.00000E+00 3.01990E-01 8.55880E-02 6.86870E-06 1.40680E-06
    5.86339E-01 2.13240E-02 1.13138E-02 0.00000E+00 0.00000E+00 4.68080E-01 6.61240E-02 1.29760E-02
    3.87211E-01 4.46985E-02 6.84826E-02 0.00000E+00 0.00000E+00 2.25820E-03 3.90820E-01 4.23080E-01
    2.11210E-01 1.14239E-01 1.81641E-01 0.00000E+00 0.00000E+00 0.00000E+00 3.70080E-02 1.42700E+00
 82 2.17321E+00 3.61661E-03 8.00631E-03 6.96490E-02 7.97210E-02 3.97260E-04 0.00000E+00 0.00000E+00
    8.54978E-01 2.20323E-03 7.01051E-04 0.00000E+00 3.02050E-01 8.56130E-02 6.87090E-06 1.40730E-06
    5.87693E-01 2.00461E-02 9.14985E-03 0.00000E+00 0.00000E+00 4.67450E-01 6.66210E-02 1.30690E-02
    3.89656E-01 3.83689E-02 5.55026E-02 0.00000E+00 0.00000E+00 2.19050E-03 3.86570E-01 4.28320E-01
    2.13444E-01 9.94369E-02 1.50039E-01 0.00000E+00 0.00000E+00 0.00000E+00 3.59060E-02 1.42630E+00
 83 2.17330E+00 3.63292E-03 8.05027E-03 6.96370E-02 7.97100E-02 3.97230E-04 0.00000E+00 0.00000E+00
    8.54979E-01 2.23870E-03 7.79863E-04 0.00000E+00 3.02020E-01 8.56010E-02 6.86990E-06 1.40710E-06
    5.87079E-01 2.06237E-02 1.01274E-02 0.00000E+00 0.00000E+00 4.67740E-01 6.63960E-02 1.30270E-02
    3.88577E-01 4.12325E-02 6.13775E-02 0.00000E+00 0.00000E+00 2.22250E-03 3.88600E-01 4.25780E-01
    2.12427E-01 1.06203E-01 1.64489E-01 0.00000E+00 0.00000E+00 0.00000E+00 3.64150E-02 1.42650E+00
 84 2.17321E+00 3.61661E-03 8.00631E-03 6.96490E-02 7.97210E-02 3.97260E-04 0.00000E+00 0.00000E+00
    8.54978E-01 2.20323E-03 7.01051E-04 0.00000E+00 3.02050E-01 8.56130E-02 6.87090E-06 1.40730E-06
    5.87693E-01 2.00461E-02 9.14985E-03 0.00000E+00 0.00000E+00 4.67450E-01 6.66210E-02 1.30690E-02
    3.89656E-01 3.83689E-02 5.55026E-02 0.00000E+00 0.00000E+00 2.19050E-03 3.86570E-01 4.28320E-01
    2.13444E-01 9.94369E-02 1.50039E-01 0.00000E+00 0.00000E+00 0.00000E+00 3.59060E-02 1.42630E+00
 85 2.17330E+00 3.63292E-03 8.05027E-03 6.96370E-02 7.97100E-02 3.97230E-04 0.00000E+00 0.00000E+00
    8.54979E-01 2.23870E-03 7.79863E-04 0.00000E+00 3.02020E-01 8.56010E-02 6.86990E-06 1.40710E-06
    5.87079E-01 2.06237E-02 1.01274E-02 0.00000E+00 0.00000E+00 4.67740E-01 6.63960E-02 1.30270E-02
    3.88577E-01 4.12325E-02 6.13775E-02 0.00000E+00 0.00000E+00 2.22250E-03 3.88600E-01 4.25780E-01
    2.12427E-01 1.06203E-01 1.64489E-01 0.00000E+00 0.00000E+00 0.00000E+00 3.64150E-02 1.42650E+00
 86 2.17321E+00 3.61661E-03 8.00631E-03 6.96490E-02 7.97210E-02 3.97260E-04 0.00000E+00 0.00000E+00
    8.54978E-01 2.20323E-03 7.01051E-04 0.00000E+00 3.02050E-01 8.56130E-02 6.87090E-06 1.40730E-06
    5.87693E-01 2.00461E-02 9.14985E-03 0.00000E+00 0.00000E+00 4.67450E-01 6.66210E-02 1.30690E-02
    3.89656E-01 3.83689E-02 5.55026E-02 0.00000E+00 0.00000E+00 2.19050E-03 3.86570E-01 4.28320E-01
    2.13444E-01 9.94369E-02 1.50039E-01 0.00000E+00 0.00000E+00 0.00000E+00 3.59060E-02 1.42630E+00
 87 2.17330E+00 3.63292E-03 8.05027E-03 6.96370E-02 7.97100E-02 3.97230E-04 0.00000E+00 0.00000E+00
    8.54979E-01 2.23870E-03 7.79863E-04 0.00000E+00 3.02020E-01 8.56010E-02 6.86990E-06 1.40710E-06
    5.87079E-01 2.06237E-02 1.01274E-02 0.00000E+00 0.00000E+00 4.67740E-01 6.63960E-02 1.30270E-02
    3.88577E-01 4.12325E-02 6.13775E-02 0.00000E+00 0.00000E+00 2.22250E-03 3.88600E-01 4.25780E-01
    2.12427E-01 1.06203E-01 1.64489E-01 0.00000E+00 0.00000E+00 0.00000E+00 3.64150E-02 1.42650E+00
 88 2.17321E+00 3.61661E-03 8.00631E-03 6.96490E-02 7.97210E-02 3.97260E-04 0.00000E+00 0.00000E+00
    8.54978E-01 2.20323E-03 7.01051E-04 0.00000E+00 3.02050E-01 8.56130E-02 6.87090E-06 1.40730E-06
    5.87693E-01 2.00461E-02 9.14985E-03 0.00000E+00 0.00000E+00 4.67450E-01 6.66210E-02 1.30690E-02
    3.89656E-01 3.83689E-02 5.55026E-02 0.00000E+00 0.00000E+00 2.19050E-03 3.86570E-01 4.28320E-01
    2.13444E-01 9.94369E-02 1.50039E-01 0.00000E+00 0.00000E+00 0.00000E+00 3.59060E-02 1.42630E+00
 89 2.17330E+00 3.63292E-03 8.05027E-03 6.96370E-02 7.97100E-02 3.97230E-04 0.00000E+00 0.00000E+00
    8.54979E-01 2.23870E-03 7.79863E-04 0.00000E+00 3.02020E-01 8.56010E-02 6.86990E-06 1.40710E-06
    5.87079E-01 2.06237E-02 1.01274E-02 0.00000E+00 0.00000E+00 4.67740E-01 6.63960E-02 1.30270E-02
    3.88577E-01 4.12325E-02 6.13775E-02 0.00000E+00 0.00000E+00 2.22250E-03 3.88600E-01 4.25780E-01
    2.12427E-01 1.06203E-01 1.64489E-01 0.00000E+00 0.00000E+00 0.00000E+00 3.64150E-02 1.42650E+00
 90 2.17321E+00 3.61661E-03 8.00631E-03 6.96490E-02 7.97210E-02 3.97260E-04 0.00000E+00 0.00000E+00
    8.54978E-01 2.20323E-03 7.01051E-04 0.00000E+00 3.02050E-01 8.56130E-02 6.87090E-06 1.40730E-06
    5.87693E-01 2.00461E-02 9.14985E-03 0.00000E+00 0.00000E+00 4.67450E-01 6.66210E-02 1.30690E-02
    3.89656E-01 3.83689E-02 5.55026E-02 0.00000E+00 0.00000E+00 2.19050E-03 3.86570E-01 4.28320E-01
    2.13444E-01 9.94369E-02 1.50039E-01 0.00000E+00 0.00000E+00 0.00000E+00 3.59060E-02 1.42630E+00
 91 2.17341E+00 3.65285E-03 8.10400E-03 6.96220E-02 7.96970E-02 3.97200E-04 0.00000E+00 0.00000E+00
    8.54980E-01 2.28205E-03 8.76172E-04 0.00000E+00 3.01990E-01 8.55880E-02 6.86870E-06 1.40680E-06
    5.86339E-01 2.13240E-02 1.13138E-02 0.00000E+00 0.00000E+00 4.68080E-01 6.61240E-02 1.29760E-02
    3.87211E-01 4.46985E-02 6.84826E-02 0.00000E+00 0.00000E+00 2.25820E-03 3.90820E-01 4.23080E-01
    2.11210E-01 1.14239E-01 1.81641E-01 0.00000E+00 0.00000E+00 0.00000E+00 3.70080E-02 1.42700E+00
 92 2.17341E+00 3.65285E-03 8.10400E-03 6.96220E-02 7.96970E-02 3.97200E-04 0.00000E+00 0.00000E+00
    8.54980E-01 2.28205E-03 8.76172E-04 0.00000E+00 3.01990E-01 8.55880E-02 6.86870E-06 1.40680E-06
    5.86339E-01 2.13240E-02 1.13138E-02 0.00000E+00 0.00000E+00 4.68080E-01 6.61240E-02 1.29760E-02
    3.87211E-01 4.46985E-02 6.84826E-02 0.00000E+00 0.00000E+00 2.25820E-03 3.90820E-01 4.23080E-01
    2.11210E-01 1.14239E-01 1.81641E-01 0.00000E+00 0.00000E+00 0.00000E+00 3.70080E-02 1.42700E+00
 93 2.17341E+00 3.65285E-03 8.10400E-03 6.96220E-02 7.96970E-02 3.97200E-04 0.00000E+00 0.00000E+00
    8.54980E-01 2.28205E-03 8.76172E-04 0.00000E+00 3.01990E-01 8.55880E-02 6.86870E-06 1.40680E-06
    5.86339E-01 2.13240E-02 1.13138E-02 0.00000E+00 0.00000E+00 4.68080E-01 6.61240E-02 1.29760E-02
    3.87211E-01 4.46985E-02 6.84826E-02 0.00000E+00 0.00000E+00 2.25820E-03 3.90820E-01 4.23080E-01
    2.11210E-01 1.14239E-01 1.81641E-01 0.00000E+00 0.00000E+00 0.00000E+00 3.70080E-02 1.42700E+00
 94 2.17321E+00 3.61661E-03 8.00631E-03 6.96490E-02 7.97210E-02 3.97260E-04 0.00000E+00 0.00000E+00
    8.54978E-01 2.20323E-03 7.01051E-04 0.00000E+00 3.02050E-01 8.56130E-02 6.87090E-06 1.40730E-06
    5.87693E-01 2.00461E-02 9.14985E-03 0.00000E+00 0.00000E+00 4.67450E-01 6.66210E-02 1.30690E-02
    3.89656E-01 3.83689E-02 5.55026E-02 0.00000E+00 0.00000E+00 2.19050E-03 3.86570E-01 4.28320E-01
    2.13444E-01 9.94369E-02 1.50039E-01 0.00000E+00 0.00000E+00 0.00000E+00 3.59060E-02 1.42630E+00
 95 2.17330E+00 3.63292E-03 8.05027E-03 6.96370E-02 7.97100E-02 3.97230E-04 0.00000E+00 0.00000E+00
    8.54979E-01 2.23870E-03 7.79863E-04 0.00000E+00 3.02020E-01 8.56010E-02 6.86990E-06 1.40710E-06
    5.87079E-01 2.06237E-02 1.01274E-02 0.00000E+00 0.00000E+00 4.67740E-01 6.63960E-02 1.30270E-02
    3.88577E-01 4.12325E-02 6.13775E-02 0.00000E+00 0.00000E+00 2.22250E-03 3.88600E-01 4.25780E-01
    2.12427E-01 1.06203E-01 1.64489E-01 0.00000E+00 0.00000E+00 0.00000E+00 3.64150E-02 1.42650E+00
 96 2.17321E+00 3.61661E-03 8.00631E-03 6.96490E-02 7.97210E-02 3.97260E-04 0.00000E+00 0.00000E+00
    8.54978E-01 2.20323E-03 7.01051E-04 0.00000E+00 3.02050E-01 8.56130E-02 6.87090E-06 1.40730E-06
    5.87693E-01 2.00461E-02 9.14985E-03 0.00000E+00 0.00000E+00 4.67450E-01 6.66210E-02 1.30690E-02
    3.89656E-01 3.83689E-02 5.55026E-02 0.00000E+00 0.00000E+00 2.19050E-03 3.86570E-01 4.28320E-01
    2.13444E-01 9.94369E-02 1.50039E-01 0.00000E+00 0.00000E+00 0.00000E+00 3.59060E-02 1.42630E+00
 97 2.17330E+00 3.63292E-03 8.05027E-03 6.96370E-02 7.97100E-02 3.97230E-04 0.00000E+00 0.00000E+00
    8.54979E-01 2.23870E-03 7.79863E-04 0.00000E+00 3.02020E-01 8.56010E-02 6.86990E-06 1.40710E-06
    5.87079E-01 2.06237E-02 1.01274E-02 0.00000E+00 0.00000E+00 4.67740E-01 6.63960E-02 1.30270E-02
    3.88577E-01 4.12325E-02 6.13775E-02 0.00000E+00 0.00000E+00 2.22250E-03 3.88600E-01 4.25780E-01
    2.12427E-01 1.06203E-01 1.64489E-01 0.00000E+00 0.00000E+00 0.00000E+00 3.64150E-02 1.42650E+00
 98 2.17321E+00 3.61661E-03 8.00631E-03 6.96490E-02 7.97210E-02 3.97260E-04 0.00000E+00 0.00000E+00
    8.54978E-01 2.20323E-03 7.01051E-04 0.00000E+00 3.02050E-01 8.56130E-02 6.87090E-06 1.40730E-06
    5.87693E-01 2.00461E-02 9.14985E-03 0.00000E+00 0.00000E+00 4.67450E-01 6.66210E-02 1.30690E-02
    3.89656E-01 3.83689E-02 5.55026E-02 0.00000E+00 0.00000E+00 2.19050E-03 3.86570E-01 4.28320E-01
    2.13444E-01 9.94369E-02 1.50039E-01 0.00000E+00 0.00000E+00 0.00000E+00 3.59060E-02 1.42630E+00
 99 2.17330E+00 3.63292E-03 8.05027E-03 6.96370E-02 7.97100E-02 3.97230E-04 0.00000E+00 0.00000E+00
    8.54979E-01 2.23870E-03 7.79863E-04 0.00000E+00 3.02020E-01 8.56010E-02 6.86990E-06 1.40710E-06
    5.87079E-01 2.06237E-02 1.01274E-02 0.00000E+00 0.00000E+00 4.67740E-01 6.63960E-02 1.30270E-02
    3.88577E-01 4.12325E-02 6.13775E-02 0.00000E+00 0.00000E+00 2.22250E-03 3.88600E-01 4.25780E-01
    2.12427E-01 1.06203E-01 1.64489E-01 0.00000E+00 0.00000E+00 0.00000E+00 3.64150E-02 1.42650E+00
100 2.17321E+00 3.61661E-03 8.00631E-03 6.96490E-02 7.97210E-02 3.97260E-04 0.00000E+00 0.00000E+00
    8.54978E-01 2.20323E-03 7.01051E-04 0.00000E+00 3.02050E-01 8.56130E-02 6.87090E-06 1.40730E-06
    5.87693E-01 2.00461E-02 9.14985E-03 0.00000E+00 0.00000E+00 4.67450E-01 6.66210E-02 1.30690E-02
    3.89656E-01 3.83689E-02 5.55026E-02 0.00000E+00 0.00000E+00 2.19050E-03 3.86570E-01 4.28320E-01
    2.13444E-01 9.94369E-02 1.50039E-01 0.00000E+00 0.00000E+00 0.00000E+00 3.59060E-02 1.42630E+00
101 2.17341E+00 3.65285E-03 8.10400E-03 6.96220E-02 7.96970E-02 3.97200E-04 0.00000E+00 0.00000E+00
    8.54980E-01 2.28205E-03 8.76172E-04 0.00000E+00 3.01990E-01 8.55880E-02 6.86870E-06 1.40680E-06
    5.86339E-01 2.13240E-02 1.13138E-02 0.00000E+00 0.00000E+00 4.68080E-01 6.61240E-02 1.29760E-02
    3.87211E-01 4.46985E-02 6.84826E-02 0.00000E+00 0.00000E+00 2.25820E-03 3.90820E-01 4.23080E-01
    2.11210E-01 1.14239E-01 1.81641E-01 0.00000E+00 0.00000E+00 0.00000E+00 3.70080E-02 1.42700E+00
102 2.17341E+00 3.65285E-03 8.10400E-03 6.96220E-02 7.96970E-02 3.97200E-04 0.00000E+00 0.00000E+00
    8.54980E-01 2.28205E-03 8.76172E-04 0.00000E+00 3.01990E-01 8.55880E-02 6.86870E-06 1.40680E-06
    5.86339E-01 2.13240E-02 1.13138E-02 0.00000E+00 0.00000E+00 4.68080E-01 6.61240E-02 1.29760E-02
    3.87211E-01 4.46985E-02 6.84826E-02 0.00000E+00 0.00000E+00 2.25820E-03 3.90820E-01 4.23080E-01
    2.11210E-01 1.14239E-01 1.81641E-01 0.00000E+00 0.00000E+00 0.00000E+00 3.70080E-02 1.42700E+00
103 2.17341E+00 3.65285E-03 8.10400E-03 6.96220E-02 7.96970E-02 3.97200E-04 0.00000E+00 0.00000E+00
    8.54980E-01 2.28205E-03 8.76172E-04 0.00000E+00 3.01990E-01 8.55880E-02 6.86870E-06 1.40680E-06
    5.86339E-01 2.13240E-02 1.13138E-02 0.00000E+00 0.00000E+00 4.68080E-01 6.61240E-02 1.29760E-02
    3.87211E-01 4.46985E-02 6.84826E-02 0.00000E+00 0.00000E+00 2.25820E-03 3.90820E-01 4.23080E-01
    2.11210E-01 1.14239E-01 1.81641E-01 0.00000E+00 0.00000E+00 0.00000E+00 3.70080E-02 1.42700E+00
104 2.17341E+00 3.65285E-03 8.10400E-03 6.96220E-02 7.96970E-02 3.97200E-04 0.00000E+00 0.00000E+00
    8.54980E-01 2.28205E-03 8.76172E-04 0.00000E+00 3.01990E-01 8.55880E-02 6.86870E-06 1.40680E-06
    5.86339E-01 2.13240E-02 1.13138E-02 0.00000E+00 0.00000E+00 4.68080E-01 6.61240E-02 1.29760E-02
    3.87211E-01 4.46985E-02 6.84826E-02 0.00000E+00 0.00000E+00 2.25820E-03 3.90820E-01 4.23080E-01
    2.11210E-01 1.14239E-01 1.81641E-01 0.00000E+00 0.00000E+00 0.00000E+00 3.70080E-02 1.42700E+00
105 2.17321E+00 3.61661E-03 8.00631E-03 6.96490E-02 7.97210E-02 3.97260E-04 0.00000E+00 0.00000E+00
    8.54978E-01 2.20323E-03 7.01051E-04 0.00000E+00 3.02050E-01 8.56130E-02 6.87090E-06 1.40730E-06
    5.87693E-01 2.00461E-02 9.14985E-03 0.00000E+00 0.00000E+00 4.67450E-01 6.66210E-02 1.30690E-02
    3.89656E-01 3.83689E-02 5.55026E-02 0.00000E+00 0.00000E+00 2.19050E-03 3.86570E-01 4.28320E-01
    2.13444E-01 9.94369E-02 1.50039E-01 0.00000E+00 0.00000E+00 0.00000E+00 3.59060E-02 1.42630E+00
106 2.17330E+00 3.63292E-03 8.05027E-03 6.96370E-02 7.97100E-02 3.97230E-04 0.00000E+00 0.00000E+00
    8.54979E-01 2.23870E-03 7.79863E-04 0.00000E+00 3.02020E-01 8.56010E-02 6.86990E-06 1.40710E-06
    5.87079E-01 2.06237E-02 1.01274E-02 0.00000E+00 0.00000E+00 4.67740E-01 6.63960E-02 1.30270E-02
    3.88577E-01 4.12325E-02 6.13775E-02 0.00000E+00 0.00000E+00 2.22250E-03 3.88600E-01 4.25780E-01
    2.12427E-01 1.06203E-01 1.64489E-01 0.00000E+00 0.00000E+00 0.00000E+00 3.64150E-02 1.42650E+00
107 2.17321E+00 3.61661E-03 8.00631E-03 6.96490E-02 7.97210E-02 3.97260E-04 0.00000E+00 0.00000E+00
    8.54978E-01 2.20323E-03 7.01051E-04 0.00000E+00 3.02050E-01 8.56130E-02 6.87090E-06 1.40730E-06
    5.87693E-01 2.00461E-02 9.14985E-03 0.00000E+00 0.00000E+00 4.67450E-01 6.66210E-02 1.30690E-02
    3.89656E-01 3.83689E-02 5.55026E-02 0.00000E+00 0.00000E+00 2.19050E-03 3.86570E-01 4.28320E-01
    2.13444E-01 9.94369E-02 1.50039E-01 0.00000E+00 0.00000E+00 0.00000E+00 3.59060E-02 1.42630E+00
108 2.17330E+00 3.63292E-03 8.05027E-03 6.96370E-02 7.97100E-02 3.97230E-04 0.00000E+00 0.00000E+00
    8.54979E-01 2.23870E-03 7.79863E-04 0.00000E+00 3.02020E-01 8.56010E-02 6.86990E-06 1.40710E-06
    5.87079E-01 2.06237E-02 1.01274E-02 0.00000E+00 0.00000E+00 4.67740E-01 6.63960E-02 1.30270E-02
    3.88577E-01 4.12325E-02 6.13775E-02 0.00000E+00 0.00000E+00 2.22250E-03 3.88600E-01 4.25780E-01
    2.12427E-01 1.06203E-01 1.64489E-01 0.00000E+00 0.00000E+00 0.00000E+00 3.64150E-02 1.42650E+00
109 2.17321E+00 3.61661E-03 8.00631E-03 6.96490E-02 7.97210E-02 3.97260E-04 0.00000E+00 0.00000E+00
    8.54978E-01 2.20323E-03 7.01051E-04 0.00000E+00 3.02050E-01 8.56130E-02 6.87090E-06 1.40730E-06
    5.87693E-01 2.00461E-02 9.14985E-03 0.00000E+00 0.00000E+00 4.67450E-01 6.66210E-02 1.30690E-02
    3.89656E-01 3.83689E-02 5.55026E-02 0.00000E+00 0.00000E+00 2.19050E-03 3.86570E-01 4.28320E-01
    2.13444E-01 9.94369E-02 1.50039E-01 0.00000E+00 0.00000E+00 0.00000E+00 3.59060E-02 1.42630E+00
110 2.17341E+00 3.65285E-03 8.10400E-03 6.96220E-02 7.96970E-02 3.97200E-04 0.00000E+00 0.00000E+00
    8.54980E-01 2.28205E-03 8.76172E-04 0.00000E+00 3.01990E-01 8.55880E-02 6.86870E-06 1.40680E-06
    5.86339E-01 2.13240E-02 1.13138E-02 0.00000E+00 0.00000E+00 4.68080E-01 6.61240E-02 1.29760E-02
    3.87211E-01 4.46985E-02 6.84826E-02 0.00000E+00 0.00000E+00 2.25820E-03 3.90820E-01 4.23080E-01
    2.11210E-01 1.14239E-01 1.81641E-01 0.00000E+00 0.00000E+00 0.00000E+00 3.70080E-02 1.42700E+00
111 2.17341E+00 3.65285E-03 8.10400E-03 6.96220E-02 7.96970E-02 3.97200E-04 0.00000E+00 0.00000E+00
    8.54980E-01 2.28205E-03 8.76172E-04 0.00000E+00 3.01990E-01 8.55880E-02 6.86870E-06 1.40680E-06
    5.86339E-01 2.13240E-02 1.13138E-02 0.00000E+00 0.00000E+00 4.68080E-01 6.61240E-02 1.29760E-02
    3.87211E-01 4.46985E-02 6.84826E-02 0.00000E+00 0.00000E+00 2.25820E-03 3.90820E-01 4.23080E-01
    2.11210E-01 1.14239E-01 1.81641E-01 0.00000E+00 0.00000E+00 0.00000E+00 3.70080E-02 1.42700E+00
112 2.17341E+00 3.65285E-03 8.10400E-03 6.96220E-02 7.96970E-02 3.97200E-04 0.00000E+00 0.00000E+00
    8.54980E-01 2.28205E-03 8.76172E-04 0.00000E+00 3.01990E-01 8.55880E-02 6.86870E-06 1.40680E-06
    5.86339E-01 2.13240E-02 1.13138E-02 0.00000E+00 0.00000E+00 4.68080E-01 6.61240E-02 1.29760E-02
    3.87211E-01 4.46985E-02 6.84826E-02 0.00000E+00 0.00000E+00 2.25820E-03 3.90820E-01 4.23080E-01
    2.11210E-01 1.14239E-01 1.81641E-01 0.00000E+00 0.00000E+00 0.00000E+00 3.70080E-02 1.42700E+00
113 2.17341E+00 3.65285E-03 8.10400E-03 6.96220E-02 7.96970E-02 3.97200E-04 0.00000E+00 0.00000E+00
    8.54980E-01 2.28205E-03 8.76172E-04 0.00000E+00 3.01990E-01 8.55880E-02 6.86870E-06 1.40680E-06
    5.86339E-01 2.13240E-02 1.13138E-02 0.00000E+00 0.00000E+00 4.68080E-01 6.61240E-02 1.29760E-02
    3.87211E-01 4.46985E-02 6.84826E-02 0.00000E+00 0.00000E+00 2.25820E-03 3.90820E-01 4.23080E-01
    2.11210E-01 1.14239E-01 1.81641E-01 0.00000E+00 0.00000E+00 0.00000E+00 3.70080E-02 1.42700E+00
114 2.17330E+00 3.63292E-03 8.05027E-03 6.96370E-02 7.97100E-02 3.97230E-04 0.00000E+00 0.00000E+00
    8.54979E-01 2.23870E-03 7.79863E-04 0.00000E+00 3.02020E-01 8.56010E-02 6.86990E-06 1.40710E-06
    5.87079E-01 2.06237E-02 1.01274E-02 0.00000E+00 0.00000E+00 4.67740E-01 6.63960E-02 1.30270E-02
    3.88577E-01 4.12325E-02 6.13775E-02 0.00000E+00 0.00000E+00 2.22250E-03 3.88600E-01 4.25780E-01
    2.12427E-01 1.06203E-01 1.64489E-01 0.00000E+00 0.00000E+00 0.00000E+00 3.64150E-02 1.42650E+00
115 2.17330E+00 3.63292E-03 8.05027E-03 6.96370E-02 7.97100E-02 3.97230E-04 0.00000E+00 0.00000E+00
    8.54979E-01 2.23870E-03 7.79863E-04 0.00000E+00 3.02020E-01 8.56010E-02 6.86990E-06 1.40710E-06
    5.87079E-01 2.06237E-02 1.01274E-02 0.00000E+00 0.00000E+00 4.67740E-01 6.63960E-02 1.30270E-02
    3.88577E-01 4.12325E-02 6.13775E-02 0.00000E+00 0.00000E+00 2.22250E-03 3.88600E-01 4.25780E-01
    2.12427E-01 1.06203E-01 1.64489E-01 0.00000E+00 0.00000E+00 0.00000E+00 3.64150E-02 1.42650E+00
116 2.17330E+00 3.63292E-03 8.05027E-03 6.96370E-02 7.97100E-02 3.97230E-04 0.00000E+00 0.00000E+00
    8.54979E-01 2.23870E-03 7.79863E-04 0.00000E+00 3.02020E-01 8.56010E-02 6.86990E-06 1.40710E-06
    5.87079E-01 2.06237E-02 1.01274E-02 0.00000E+00 0.00000E+00 4.67740E-01 6.63960E-02 1.30270E-02
    3.88577E-01 4.12325E-02 6.13775E-02 0.00000E+00 0.00000E+00 2.22250E-03 3.88600E-01 4.25780E-01
    2.12427E-01 1.06203E-01 1.64489E-01 0.00000E+00 0.00000E+00 0.00000E+00 3.64150E-02 1.42650E+00
117 2.17341E+00 3.65285E-03 8.10400E-03 6.96220E-02 7.96970E-02 3.97200E-04 0.00000E+00 0.00000E+00
    8.54980E-01 2.28205E-03 8.76172E-04 0.00000E+00 3.01990E-01 8.55880E-02 6.86870E-06 1.40680E-06
    5.86339E-01 2.13240E-02 1.13138E-02 0.00000E+00 0.00000E+00 4.68080E-01 6.61240E-02 1.29760E-02
    3.87211E-01 4.46985E-02 6.84826E-02 0.00000E+00 0.00000E+00 2.25820E-03 3.90820E-01 4.23080E-01
    2.11210E-01 1.14239E-01 1.81641E-01 0.00000E+00 0.00000E+00 0.00000E+00 3.70080E-02 1.42700E+00
118 2.17341E+00 3.65285E-03 8.10400E-03 6.96220E-02 7.96970E-02 3.97200E-04 0.00000E+00 0.00000E+00
    8.54980E-01 2.28205E-03 8.76172E-04 0.00000E+00 3.01990E-01 8.55880E-02 6.86870E-06 1.40680E-06
    5.86339E-01 2.13240E-02 1.13138E-02 0.00000E+00 0.00000E+00 4.68080E-01 6.61240E-02 1.29760E-02
    3.87211E-01 4.46985E-02 6.84826E-02 0.00000E+00 0.00000E+00 2.25820E-03 3.90820E-01 4.23080E-01
    2.11210E-01 1.14239E-01 1.81641E-01 0.00000E+00 0.00000E+00 0.00000E+00 3.70080E-02 1.42700E+00
119 2.17341E+00 3.65285E-03 8.10400E-03 6.96220E-02 7.96970E-02 3.97200E-04 0.00000E+00 0.00000E+00
    8.54980E-01 2.28205E-03 8.76172E-04 0.00000E+00 3.01990E-01 8.55880E-02 6.86870E-06 1.40680E-06
    5.86339E-01 2.13240E-02 1.13138E-02 0.00000E+00 0.00000E+00 4.68080E-01 6.61240E-02 1.29760E-02
    3.87211E-01 4.46985E-02 6.84826E-02 0.00000E+00 0.00000E+00 2.25820E-03 3.90820E-01 4.23080E-01
    2.11210E-01 1.14239E-01 1.81641E-01 0.00000E+00 0.00000E+00 0.00000E+00 3.70080E-02 1.42700E+00
120 2.17341E+00 3.65285E-03 8.10400E-03 6.96220E-02 7.96970E-02 3.97200E-04 0.00000E+00 0.00000E+00
    8.54980E-01 2.28205E-03 8.76172E-04 0.00000E+00 3.01990E-01 8.55880E-02 6.86870E-06 1.40680E-06
    5.86339E-01 2.13240E-02 1.13138E-02 0.00000E+00 0.00000E+00 4.68080E-01 6.61240E-02 1.29760E-02
    3.87211E-01 4.46985E-02 6.84826E-02 0.00000E+00 0.00000E+00 2.25820E-03 3.90820E-01 4.23080E-01
    2.11210E-01 1.14239E-01 1.81641E-01 0.00000E+00 0.00000E+00 0.00000E+00 3.70080E-02 1.42700E+00
121 2.17341E+00 3.65285E-03 8.10400E-03 6.96220E-02 7.96970E-02 3.97200E-04 0.00000E+00 0.00000E+00
    8.54980E-01 2.28205E-03 8.76172E-04 0.00000E+00 3.01990E-01 8.55880E-02 6.86870E-06 1.40680E-06
    5.86339E-01 2.13240E-02 1.13138E-02 0.00000E+00 0.00000E+00 4.68080E-01 6.61240E-02 1.29760E-02
    3.87211E-01 4.46985E-02 6.84826E-02 0.00000E+00 0.00000E+00 2.25820E-03 3.90820E-01 4.23080E-01
    2.11210E-01 1.14239E-01 1.81641E-01 0.00000E+00 0.00000E+00 0.00000E+00 3.70080E-02 1.42700E+00
122 2.32783E+00 5.17200E-04 0.00000E+00 3.71200E-02 1.04900E-01 6.53150E-04 0.00000E+00 0.00000E+00
    7.87626E-01 2.17472E-07 0.00000E+00 0.00000E+00 2.76930E-01 1.46270E-01 1.18670E-05 2.43410E-06
    5.63151E-01 9.76371E-04 0.00000E+00 0.00000E+00 0.00000E+00 4.45080E-01 1.21710E-01 2.41370E-02
    2.71316E-01 7.63800E-03 0.00000E+00 0.00000E+00 0.00000E+00 1.27700E-03 3.02330E-01 9.17330E-01
    1.48694E-01 1.90735E-02 0.00000E+00 0.00000E+00 0.00000E+00 0.00000E+00 4.59110E-02 2.17680E+00
spectrum 7.45220E-01 2.54551E-01 2.00670E-04 0.00000E+00 0.00000E+00
