   Title: TWO GROUP 1D HOMOGENEOUS FUEL
K_tolerence 1d-07
flux_tolerence 1d-03
[GEOMETRY]
geometry 1D_Slab
n-regions 30
reg-length 4.8 1.2 4.8 1.2 4.8 1.2 4.8 4.8 1.2 4.8 1.2 4.8 1.2 4.8 4.8 1.2 4.8 1.2 4.8 1.2 4.8 4.8 1.2 4.8 1.2 4.8 1.2 4.8 2.4 20.4
mesh-size  0.3 0.3 0.3 0.3 0.3 0.3 0.3 0.3 0.3 0.3 0.3 0.3 0.3 0.3 0.3 0.3 0.3 0.3 0.3 0.3 0.3 0.3 0.3 0.3 0.3 0.3 0.3 0.3 0.3 0.3	
core 
   1 3 1 3 1 3 1 2 3 2 3 2 3 2 1 3 1 3 1 3 1 2 3 2 3 2 3 2 4 3
boundary 1 0 
[MATERIALS]
n-materials 4
n-groups 2
cross-sections
1 1.500 0.013 0.0065 0.00 0.02
  0.400 0.180 0.2400 0.00 0.00
2 1.500 0.010 0.0050 0.00 0.02
  0.400 0.150 0.1800 0.00 0.00
3 1.700 0.001 0.0000 0.00 0.035
  0.350 0.050 0.0000 0.00 0.00
4 1.020 0.00322 0.00 0.00 0.00
  0.335 0.1460 0.000 0.00 0.00 
spectrum 1.0 0.0