Title: TWO GROUP 2D LRA
K_tolerence 1d-07
flux_tolerence 1d-03
[GEOMETRY]
geometry 2D_Slab
n-regions 7 7
reg-length 15 30 30 30 15 15 30
           15 30 30 30 15 15 30
mesh-size 1 1 1 1 1 1 1
          1 1 1 1 1 1 1
core 
5 5 5 5 5 5 5
3 3 3 3 5 5 5
3 3 3 3 4 5 5
2 1 1 2 3 3 5
1 1 1 1 3 3 5
1 1 1 1 3 3 5
2 1 1 2 3 3 5
buckling 0.0
boundary 1 0 0 1 
[MATERIALS]
n-materials 5
n-groups 2
cross-sections
1 1.2550 0.008252 0.004602 0.000 0.02533
  0.2110 0.100300 0.109100 0.000 0.00000
2 1.2680 0.007181 0.004609 0.000 0.02767
  0.1902 0.070470 0.086750 0.000 0.00000
3 1.2590 0.008002 0.004663 0.000 0.02617
  0.2091 0.083440 0.102100 0.000 0.00000
4 1.2590 0.008002 0.004663 0.000 0.02617
  0.2091 0.073324 0.102100 0.000 0.00000
5 1.2570 0.0006034 0.00000 0.000 0.04754
  0.1592 0.019110 0.000000 0.000 0.00000
spectrum 1.0 0.0 