   Title: TWO GROUP 2D TWIGL
K_tolerence 1d-07
flux_tolerence 1d-03
[GEOMETRY]
geometry 2D_Slab
n-regions 17 17
reg-length 55 21.504 21.504 21.504 21.504 21.504 21.504 21.504 21.504 21.504 21.504 21.504 21.504 21.504 21.504 21.504 55
           55 21.504 21.504 21.504 21.504 21.504 21.504 21.504 21.504 21.504 21.504 21.504 21.504 21.504 21.504 21.504 55
mesh-size 5.5 2.1504 2.1504 2.1504 2.1504 2.1504 2.1504 2.1504 2.1504 2.1504 2.1504 2.1504 2.1504 2.1504 2.1504 2.1504 5.5
          5.5 2.1504 2.1504 2.1504 2.1504 2.1504 2.1504 2.1504 2.1504 2.1504 2.1504 2.1504 2.1504 2.1504 2.1504 2.1504 5.5
core 
 16 16 16 16 16 16 16 16 16 16 16 16 16 16 16 16 16 
 16 16 16 16 16 16 01 01 02 01 01 16 16 16 16 16 16 
 16 16 16 16 01 03 12 13 06 13 12 03 01 16 16 16 16 
 16 16 16 01 03 05 13 07 14 07 13 05 03 01 16 16 16 
 16 16 01 03 08 13 10 13 09 13 10 13 08 03 01 16 16 
 16 16 03 05 13 11 13 04 13 04 13 11 13 05 03 16 16
 16 01 12 13 10 13 06 13 08 13 06 13 10 13 12 01 16 
 16 01 13 07 13 04 13 11 15 11 13 04 13 07 13 01 16  
 16 02 06 14 09 13 08 15 05 15 08 13 09 14 06 02 16 
 16 01 13 07 13 04 13 11 15 11 13 04 13 07 13 01 16
 16 01 12 13 10 13 06 13 08 13 06 13 10 13 12 01 16 
 16 16 03 05 13 11 13 04 13 04 13 11 13 05 03 16 16
 16 16 01 03 08 13 10 13 09 13 10 13 08 03 01 16 16
 16 16 16 01 03 05 13 07 14 07 13 05 03 01 16 16 16 
 16 16 16 16 01 03 12 13 06 13 12 03 01 16 16 16 16
 16 16 16 16 16 16 01 01 02 01 01 16 16 16 16 16 16 
 16 16 16 16 16 16 16 16 16 16 16 16 16 16 16 16 16
buckling 9.869E-04
boundary 1 0 0 1 
[MATERIALS]
n-materials 16
n-groups 2
cross-sections
1 1.43519E+00 9.58907E-03 6.73479E-03 2.05410E-01 1.74540E-02
  3.66796E-01 9.41735E-02 1.42347E-01 1.63220E-03 8.13890E-01
2 1.43236E+00 9.90434E-03 6.71135E-03 2.06380E-01 1.66620E-02
  3.71312E-01 1.00087E-01 1.39385E-01 1.83750E-03 7.96810E-01
3 1.43434E+00 1.01397E-02 6.67972E-03 2.06350E-01 1.60900E-02
  3.74899E-01 1.05157E-01 1.37878E-01 1.95440E-03 7.82980E-01
4 1.43432E+00 8.71660E-03 4.97598E-03 2.06230E-01 1.75640E-02
  3.72878E-01 6.94445E-02 8.87166E-02 1.26720E-03 8.28960E-01
5 1.43432E+00 8.71660E-03 4.97598E-03 2.06230E-01 1.75640E-02
  3.72878E-01 6.94445E-02 8.87166E-02 1.26720E-03 8.28960E-01
6 1.43432E+00 8.71660E-03 4.97598E-03 2.06230E-01 1.75640E-02
  3.72878E-01 6.94445E-02 8.87166E-02 1.26720E-03 8.28960E-01
7 1.43432E+00 8.71660E-03 4.97598E-03 2.06230E-01 1.75640E-02
  3.72878E-01 6.94445E-02 8.87166E-02 1.26720E-03 8.28960E-01
8 1.43432E+00 8.71660E-03 4.97598E-03 2.06230E-01 1.75640E-02
  3.72878E-01 6.94445E-02 8.87166E-02 1.26720E-03 8.28960E-01
9 1.43432E+00 8.71660E-03 4.97598E-03 2.06230E-01 1.75640E-02
  3.72878E-01 6.94445E-02 8.87166E-02 1.26720E-03 8.28960E-01
10 1.43432E+00 8.71660E-03 4.97598E-03 2.06230E-01 1.75640E-02
   3.72878E-01 6.94445E-02 8.87166E-02 1.26720E-03 8.28960E-01
11 1.43432E+00 8.71660E-03 4.97598E-03 2.06230E-01 1.75640E-02
   3.72878E-01 6.94445E-02 8.87166E-02 1.26720E-03 8.28960E-01
12 1.43680E+00 9.13042E-03 5.83913E-03 2.05300E-01 1.77530E-02
   3.65830E-01 8.06038E-02 1.12636E-01 1.44640E-03 8.33110E-01
13 1.44791E+00 9.65519E-03 5.75728E-03 2.04270E-01 1.64620E-02
   3.76931E-01 9.31723E-02 1.11324E-01 1.75620E-03 7.90520E-01
14 1.43644E+00 9.51670E-03 5.77470E-03 2.05940E-01 1.67920E-02
   3.73118E-01 8.47213E-02 1.10759E-01 1.71560E-03 8.10420E-01
15 1.43433E+00 9.79279E-03 5.73934E-03 2.06660E-01 1.61280E-02
   3.77094E-01 9.47882E-02 1.10850E-01 1.81310E-03 7.88400E-01
16 1.69828E+00 8.59322E-04 0.00000E+00 1.58700E-01 3.67150E-02
   2.53645E-01 2.98592E-02 0.00000E+00 5.39180E-04 1.28380E+00 
spectrum 1.0 0.0