 ---------------------------------------------------------
 |                        OUTPUT                         |
 ---------------------------------------------------------
    Title: TWO GROUP 1D HOMOGENEOUS FUEL                                        
                                                                        
Number of regions  5
Region Length (cm)
   20.00   20.00   20.00   20.00   20.00
Mesh size (cm)
    0.10    0.10    0.10    0.10    0.10
Number of Materials  5
Number of Groups  2
Eigen value Tolerence  1.0E-07
Flux Tolerence  1.0E-03
 Cross Sections
  1   1.4035000   0.0020000   0.0000000   0.0000000   0.0293000
      0.2674000   0.0286000   0.0000000   0.0000000   0.0000000
  2   1.5620000   0.0089000   0.0064000   0.0000000   0.0167000
      0.3660000   0.0805000   0.1251000   0.0000000   0.0000000
  3   1.5497000   0.0092000   0.0062000   0.0000000   0.0173000
      0.3633000   0.0899000   0.1156000   0.0000000   0.0000000
  4   1.5482000   0.0092000   0.0062000   0.0000000   0.0174000
      0.3633000   0.0883000   0.1123000   0.0000000   0.0000000
  5   1.5468000   0.0094000   0.0062000   0.0000000   0.0174000
      0.3622000   0.0935000   0.1136000   0.0000000   0.0000000
 Spectrum
  1.00  0.00
 Core Configuration
  1  2  3  4  5
 Mesh wise Core Map
  1  1  1  1  1  1  1  1  1  1  1  1  1  1  1  1  1  1  1  1  1  1  1  1  1  1  1  1  1  1  1  1  1  1  1  1  1  1  1  1  1  1  1  1  1  1  1  1  1  1  1  1  1  1  1  1  1  1  1  1  1  1  1  1  1  1  1  1  1  1  1  1  1  1  1  1  1  1  1  1  1  1  1  1  1  1  1  1  1  1  1  1  1  1  1  1  1  1  1  1  1  1  1  1  1  1  1  1  1  1  1  1  1  1  1  1  1  1  1  1  1  1  1  1  1  1  1  1  1  1  1  1  1  1  1  1  1  1  1  1  1  1  1  1  1  1  1  1  1  1  1  1  1  1  1  1  1  1  1  1  1  1  1  1  1  1  1  1  1  1  1  1  1  1  1  1  1  1  1  1  1  1  1  1  1  1  1  1  1  1  1  1  1  1  1  1  1  1  1  1
  2  2  2  2  2  2  2  2  2  2  2  2  2  2  2  2  2  2  2  2  2  2  2  2  2  2  2  2  2  2  2  2  2  2  2  2  2  2  2  2  2  2  2  2  2  2  2  2  2  2  2  2  2  2  2  2  2  2  2  2  2  2  2  2  2  2  2  2  2  2  2  2  2  2  2  2  2  2  2  2  2  2  2  2  2  2  2  2  2  2  2  2  2  2  2  2  2  2  2  2  2  2  2  2  2  2  2  2  2  2  2  2  2  2  2  2  2  2  2  2  2  2  2  2  2  2  2  2  2  2  2  2  2  2  2  2  2  2  2  2  2  2  2  2  2  2  2  2  2  2  2  2  2  2  2  2  2  2  2  2  2  2  2  2  2  2  2  2  2  2  2  2  2  2  2  2  2  2  2  2  2  2  2  2  2  2  2  2  2  2  2  2  2  2  2  2  2  2  2  2
  3  3  3  3  3  3  3  3  3  3  3  3  3  3  3  3  3  3  3  3  3  3  3  3  3  3  3  3  3  3  3  3  3  3  3  3  3  3  3  3  3  3  3  3  3  3  3  3  3  3  3  3  3  3  3  3  3  3  3  3  3  3  3  3  3  3  3  3  3  3  3  3  3  3  3  3  3  3  3  3  3  3  3  3  3  3  3  3  3  3  3  3  3  3  3  3  3  3  3  3  3  3  3  3  3  3  3  3  3  3  3  3  3  3  3  3  3  3  3  3  3  3  3  3  3  3  3  3  3  3  3  3  3  3  3  3  3  3  3  3  3  3  3  3  3  3  3  3  3  3  3  3  3  3  3  3  3  3  3  3  3  3  3  3  3  3  3  3  3  3  3  3  3  3  3  3  3  3  3  3  3  3  3  3  3  3  3  3  3  3  3  3  3  3  3  3  3  3  3  3
  4  4  4  4  4  4  4  4  4  4  4  4  4  4  4  4  4  4  4  4  4  4  4  4  4  4  4  4  4  4  4  4  4  4  4  4  4  4  4  4  4  4  4  4  4  4  4  4  4  4  4  4  4  4  4  4  4  4  4  4  4  4  4  4  4  4  4  4  4  4  4  4  4  4  4  4  4  4  4  4  4  4  4  4  4  4  4  4  4  4  4  4  4  4  4  4  4  4  4  4  4  4  4  4  4  4  4  4  4  4  4  4  4  4  4  4  4  4  4  4  4  4  4  4  4  4  4  4  4  4  4  4  4  4  4  4  4  4  4  4  4  4  4  4  4  4  4  4  4  4  4  4  4  4  4  4  4  4  4  4  4  4  4  4  4  4  4  4  4  4  4  4  4  4  4  4  4  4  4  4  4  4  4  4  4  4  4  4  4  4  4  4  4  4  4  4  4  4  4  4
  5  5  5  5  5  5  5  5  5  5  5  5  5  5  5  5  5  5  5  5  5  5  5  5  5  5  5  5  5  5  5  5  5  5  5  5  5  5  5  5  5  5  5  5  5  5  5  5  5  5  5  5  5  5  5  5  5  5  5  5  5  5  5  5  5  5  5  5  5  5  5  5  5  5  5  5  5  5  5  5  5  5  5  5  5  5  5  5  5  5  5  5  5  5  5  5  5  5  5  5  5  5  5  5  5  5  5  5  5  5  5  5  5  5  5  5  5  5  5  5  5  5  5  5  5  5  5  5  5  5  5  5  5  5  5  5  5  5  5  5  5  5  5  5  5  5  5  5  5  5  5  5  5  5  5  5  5  5  5  5  5  5  5  5  5  5  5  5  5  5  5  5  5  5  5  5  5  5  5  5  5  5  5  5  5  5  5  5  5  5  5  5  5  5  5  5  5  5  5  5
*-**-**-**-**-**-**-**-**-**-**-**-**-**-**-**-**-**-**-**-**-**-**-**-**-**-**-**-**-**-**-**-**-**-**-**-**-**-**-**-**-**-**-**-**-**-**-**-**-**-**-**-**-**-**-**-**-**-**-**-**-**-**-**-**-**-**-**-**-**-**-**-**-**-**-**-**-**-**-**-**-**-**-**-**-**-**-**-**-**-**-**-**-**-**-**-**-**-**-**-**-**-**-**-**-**-**-**-**-**-**-**-**-**-**-**-**-**-**-**-**-**-**-**-**-**-**-**-**-**-**-**-**-**-**-**-**-**-**-**-**-**-**-**-**-**-**-**-**-**-**-**-**-**-**-**-**-**-**-**-**-**-**-**-**-**-**-**-**-**-**-**-**-**-**-**-**-**-**-**-**-**-**-**-**-**-**-**-**-**-**-**-**-**-**-**-**-**-**-**-*
*-**-**-**-**-**-**-**-**-**-**-**-**-**-**-**-**-**-**-**-**-**-**-**-**-**-**-**-**-**-**-**-**-**-**-**-**-**-**-**-**-**-**-**-**-**-**-**-**-**-**-**-**-**-**-**-**-**-**-**-**-**-**-**-**-**-**-**-**-**-**-**-**-**-**-**-**-**-**-**-**-**-**-**-**-**-**-**-**-**-**-**-**-**-**-**-**-**-**-**-**-**-**-**-**-**-**-**-**-**-**-**-**-**-**-**-**-**-**-**-**-**-**-**-**-**-**-**-**-**-**-**-**-**-**-**-**-**-**-**-**-**-**-**-**-**-**-**-**-**-**-**-**-**-**-**-**-**-**-**-**-**-**-**-**-**-**-**-**-**-**-**-**-**-**-**-**-**-**-**-**-**-**-**-**-**-**-**-**-**-**-**-**-**-**-**-**-**-**-**-*
*-**-**-**-**-**-**-**-**-**-**-**-**-**-**-**-**-**-**-**-**-**-**-**-**-**-**-**-**-**-**-**-**-**-**-**-**-**-**-**-**-**-**-**-**-**-**-**-**-**-**-**-**-**-**-**-**-**-**-**-**-**-**-**-**-**-**-**-**-**-**-**-**-**-**-**-**-**-**-**-**-**-**-**-**-**-**-**-**-**-**-**-**-**-**-**-**-**-**-**-**-**-**-**-**-**-**-**-**-**-**-**-**-**-**-**-**-**-**-**-**-**-**-**-**-**-**-**-**-**-**-**-**-**-**-**-**-**-**-**-**-**-**-**-**-**-**-**-**-**-**-**-**-**-**-**-**-**-**-**-**-**-**-**-**-**-**-**-**-**-**-**-**-**-**-**-**-**-**-**-**-**-**-**-**-**-**-**-**-**-**-**-**-**-**-**-**-**-**-**-*
*-**-**-**-**-**-**-**-**-**-**-**-**-**-**-**-**-**-**-**-**-**-**-**-**-**-**-**-**-**-**-**-**-**-**-**-**-**-**-**-**-**-**-**-**-**-**-**-**-**-**-**-**-**-**-**-**-**-**-**-**-**-**-**-**-**-**-**-**-**-**-**-**-**-**-**-**-**-**-**-**-**-**-**-**-**-**-**-**-**-**-**-**-**-**-**-**-**-**-**-**-**-**-**-**-**-**-**-**-**-**-**-**-**-**-**-**-**-**-**-**-**-**-**-**-**-**-**-**-**-**-**-**-**-**-**-**-**-**-**-**-**-**-**-**-**-**-**-**-**-**-**-**-**-**-**-**-**-**-**-**-**-**-**-**-**-**-**-**-**-**-**-**-**-**-**-**-**-**-**-**-**-**-**-**-**-**-**-**-**-**-**-**-**-**-**-**-**-**-**-*
*-**-**-**-**-**-**-**-**-**-**-**-**-**-**-**-**-**-**-**-**-**-**-**-**-**-**-**-**-**-**-**-**-**-**-**-**-**-**-**-**-**-**-**-**-**-**-**-**-**-**-**-**-**-**-**-**-**-**-**-**-**-**-**-**-**-**-**-**-**-**-**-**-**-**-**-**-**-**-**-**-**-**-**-**-**-**-**-**-**-**-**-**-**-**-**-**-**-**-**-**-**-**-**-**-**-**-**-**-**-**-**-**-**-**-**-**-**-**-**-**-**-**-**-**-**-**-**-**-**-**-**-**-**-**-**-**-**-**-**-**-**-**-**-**-**-**-**-**-**-**-**-**-**-**-**-**-**-**-**-**-**-**-**-**-**-**-**-**-**-**-**-**-**-**-**-**-**-**-**-**-**-**-**-**-**-**-**-**-**-**-**-**-**-**-**-**-**-**-**-* 
Solution converged in   2152 iterations
Final K-effective 1.057507
CPU Time     5.20 Seconds
